Time Step,Load (kWh),Solar Production (kWh),Curtailment (kWh),Battery Charge (kWh),Battery Discharge (kWh),State of Charge (kWh),Lost Load (kWh)
1,0.0,0.0,0.0,0.0,0.0,6.5,0.0
2,0.0,0.0,0.0,0.0,0.0,6.5,0.0
3,0.0,0.0,0.0,0.0,0.0,6.5,0.0
4,0.0,0.0,0.0,0.0,0.0,6.5,0.0
5,0.0,0.0,0.0,0.0,0.0,6.5,0.0
6,0.0,0.0,0.0,0.0,0.0,6.5,0.0
7,0.0,0.0,0.0,0.0,0.0,6.5,0.0
8,0.0,0.0,0.0,0.0,0.0,6.5,0.0
9,0.0,0.0,0.0,0.0,0.0,6.5,0.0
10,0.0,0.0,0.0,0.0,0.0,6.5,0.0
11,0.0,0.0,0.0,0.0,0.0,6.5,0.0
12,0.0,0.0,0.0,0.0,0.0,6.5,0.0
13,0.0,0.0,0.0,0.0,0.0,6.5,0.0
14,0.0,0.0,0.0,0.0,0.0,6.5,0.0
15,0.0,0.0,0.0,0.0,0.0,6.5,0.0
16,0.0,0.0,0.0,0.0,0.0,6.5,0.0
17,0.0,0.0,0.0,0.0,0.0,6.5,0.0
18,0.0,0.0,0.0,0.0,0.0,6.5,0.0
19,0.0,0.0,0.0,0.0,0.0,6.5,0.0
20,0.0,0.0,0.0,0.0,0.0,6.5,0.0
21,0.0,0.0,0.0,0.0,0.0,6.5,0.0
22,0.0,0.0,0.0,0.0,0.0,6.5,0.0
23,0.0,0.0,0.0,0.0,0.0,6.5,0.0
24,0.0,0.0,0.0,0.0,0.0,6.5,0.0
25,0.0,0.0,0.0,0.0,0.0,6.5,0.0
26,0.0,0.0,0.0,0.0,0.0,6.5,0.0
27,0.0,0.0,0.0,0.0,0.0,6.5,0.0
28,0.0,0.0,0.0,0.0,0.0,6.5,0.0
29,0.0,0.0,0.0,0.0,0.0,6.5,0.0
30,0.0,0.0,0.0,0.0,0.0,6.5,0.0
31,0.0,0.0,0.0,0.0,0.0,6.5,0.0
32,0.0,0.0,0.0,0.0,0.0,6.5,0.0
33,0.0,0.0,0.0,0.0,0.0,6.5,0.0
34,0.0,0.0,0.0,0.0,0.0,6.5,0.0
35,0.0,0.0,0.0,0.0,0.0,6.5,0.0
36,0.0,0.0,0.014,0.0,0.0,6.5,0.0
37,0.0,0.0,0.021,0.0,0.0,6.5,0.0
38,0.0,0.0,0.0,0.0,0.0,6.5,0.0
39,0.0,0.0,0.0,0.0,0.0,6.5,0.0
40,0.0,0.0,0.0,0.0,0.0,6.5,0.0
41,0.0,0.0,0.0,0.0,0.0,6.5,0.0
42,0.0,0.0,0.0,0.0,0.0,6.5,0.0
43,0.0,0.0,0.0,0.0,0.0,6.5,0.0
44,0.0,0.0,0.0,0.0,0.0,6.5,0.0
45,0.0,0.0,0.0,0.0,0.0,6.5,0.0
46,0.0,0.0,0.0,0.0,0.0,6.5,0.0
47,0.0,0.0,0.0,0.0,0.0,6.5,0.0
48,0.0,0.0,0.0,0.0,0.0,6.5,0.0
49,0.0,0.0,0.0,0.0,0.0,6.5,0.0
50,0.0,0.0,0.0,0.0,0.0,6.5,0.0
51,0.0,0.0,0.0,0.0,0.0,6.5,0.0
52,0.0,0.0,0.0,0.0,0.0,6.5,0.0
53,0.0,0.0,0.0,0.0,0.0,6.5,0.0
54,0.0,0.0,0.0,0.0,0.0,6.5,0.0
55,0.0,0.0,0.0,0.0,0.0,6.5,0.0
56,0.0,0.0,0.0,0.0,0.0,6.5,0.0
57,0.0,0.0,0.0,0.0,0.0,6.5,0.0
58,0.0,0.0,0.0,0.0,0.0,6.5,0.0
59,0.0,0.0,0.0,0.0,0.0,6.5,0.0
60,0.0,0.0,0.0,0.0,0.0,6.5,0.0
61,0.0,0.0,0.0,0.0,0.0,6.5,0.0
62,0.0,0.0,0.0,0.0,0.0,6.5,0.0
63,0.0,0.0,0.0,0.0,0.0,6.5,0.0
64,0.0,0.0,0.0,0.0,0.0,6.5,0.0
65,0.0,0.0,0.0,0.0,0.0,6.5,0.0
66,0.0,0.0,0.0,0.0,0.0,6.5,0.0
67,0.0,0.0,0.0,0.0,0.0,6.5,0.0
68,0.0,0.0,0.0,0.0,0.0,6.5,0.0
69,0.0,0.0,0.0,0.0,0.0,6.5,0.0
70,0.0,0.0,0.0,0.0,0.0,6.5,0.0
71,0.0,0.0,0.0,0.0,0.0,6.5,0.0
72,0.0,0.0,0.0,0.0,0.0,6.5,0.0
73,0.0,0.0,0.0,0.0,0.0,6.5,0.0
74,0.0,0.0,0.0,0.0,0.0,6.5,0.0
75,0.0,0.0,0.0,0.0,0.0,6.5,0.0
76,0.0,0.0,0.0,0.0,0.0,6.5,0.0
77,0.0,0.0,0.0,0.0,0.0,6.5,0.0
78,0.0,0.0,0.0,0.0,0.0,6.5,0.0
79,0.0,0.0,0.0,0.0,0.0,6.5,0.0
80,0.0,0.0,0.0,0.0,0.0,6.5,0.0
81,0.0,0.0,0.0,0.0,0.0,6.5,0.0
82,0.0,0.0,0.0,0.0,0.0,6.5,0.0
83,0.0,0.0,0.0,0.0,0.0,6.5,0.0
84,0.0,0.0,0.0,0.0,0.0,6.5,0.0
85,0.0,0.0,0.0,0.0,0.0,6.5,0.0
86,0.0,0.0,0.0,0.0,0.0,6.5,0.0
87,0.0,0.0,0.0,0.0,0.0,6.5,0.0
88,0.0,0.0,0.0,0.0,0.0,6.5,0.0
89,0.0,0.0,0.0,0.0,0.0,6.5,0.0
90,0.0,0.0,0.0,0.0,0.0,6.5,0.0
91,0.0,0.0,0.0,0.0,0.0,6.5,0.0
92,0.0,0.0,0.0,0.0,0.0,6.5,0.0
93,0.0,0.0,0.0,0.0,0.0,6.5,0.0
94,0.0,0.0,0.0,0.0,0.0,6.5,0.0
95,0.0,0.0,0.0,0.0,0.0,6.5,0.0
96,0.0,0.0,0.0,0.0,0.0,6.5,0.0
97,0.0,0.0,0.0,0.0,0.0,6.5,0.0
98,0.0,0.0,0.0,0.0,0.0,6.5,0.0
99,0.0,0.0,0.0,0.0,0.0,6.5,0.0
100,0.0,0.0,0.0,0.0,0.0,6.5,0.0
101,0.0,0.0,0.0,0.0,0.0,6.5,0.0
102,0.0,0.0,0.0,0.0,0.0,6.5,0.0
103,0.0,0.0,0.0,0.0,0.0,6.5,0.0
104,0.0,0.0,0.0,0.0,0.0,6.5,0.0
105,0.0,0.0,0.0,0.0,0.0,6.5,0.0
106,0.0,0.0,0.0,0.0,0.0,6.5,0.0
107,0.0,0.0,0.0,0.0,0.0,6.5,0.0
108,0.0,0.0,0.021,0.0,0.0,6.5,0.0
109,0.0,0.0,0.014,0.0,0.0,6.5,0.0
110,0.0,0.0,0.0,0.0,0.0,6.5,0.0
111,0.0,0.0,0.0,0.0,0.0,6.5,0.0
112,0.0,0.0,0.0,0.0,0.0,6.5,0.0
113,0.0,0.0,0.0,0.0,0.0,6.5,0.0
114,0.0,0.0,0.0,0.0,0.0,6.5,0.0
115,0.0,0.0,0.0,0.0,0.0,6.5,0.0
116,0.0,0.0,0.0,0.0,0.0,6.5,0.0
117,0.0,0.0,0.0,0.0,0.0,6.5,0.0
118,0.0,0.0,0.0,0.0,0.0,6.5,0.0
119,0.0,0.0,0.0,0.0,0.0,6.5,0.0
120,0.0,0.0,0.0,0.0,0.0,6.5,0.0
121,0.0,0.0,0.0,0.0,0.0,6.5,0.0
122,0.0,0.0,0.0,0.0,0.0,6.5,0.0
123,0.0,0.0,0.0,0.0,0.0,6.5,0.0
124,0.0,0.0,0.0,0.0,0.0,6.5,0.0
125,0.0,0.0,0.0,0.0,0.0,6.5,0.0
126,0.0,0.0,0.0,0.0,0.0,6.5,0.0
127,0.0,0.0,0.0,0.0,0.0,6.5,0.0
128,0.0,0.0,0.0,0.0,0.0,6.5,0.0
129,0.0,0.0,0.0,0.0,0.0,6.5,0.0
130,0.0,0.0,0.0,0.0,0.0,6.5,0.0
131,0.0,0.0,0.007,0.0,0.0,6.5,0.0
132,0.0,0.0,0.035,0.0,0.0,6.5,0.0
133,0.0,0.0,0.007,0.0,0.0,6.5,0.0
134,0.0,0.0,0.0,0.0,0.0,6.5,0.0
135,0.0,0.0,0.0,0.0,0.0,6.5,0.0
136,0.0,0.0,0.0,0.0,0.0,6.5,0.0
137,0.0,0.0,0.0,0.0,0.0,6.5,0.0
138,0.0,0.0,0.0,0.0,0.0,6.5,0.0
139,0.0,0.0,0.0,0.0,0.0,6.5,0.0
140,0.0,0.0,0.0,0.0,0.0,6.5,0.0
141,0.0,0.0,0.0,0.0,0.0,6.5,0.0
142,0.0,0.0,0.0,0.0,0.0,6.5,0.0
143,0.0,0.0,0.0,0.0,0.0,6.5,0.0
144,0.0,0.0,0.0,0.0,0.0,6.5,0.0
145,0.0,0.0,0.0,0.0,0.0,6.5,0.0
146,0.0,0.0,0.0,0.0,0.0,6.5,0.0
147,0.0,0.0,0.0,0.0,0.0,6.5,0.0
148,0.0,0.0,0.0,0.0,0.0,6.5,0.0
149,0.0,0.0,0.0,0.0,0.0,6.5,0.0
150,0.0,0.0,0.0,0.0,0.0,6.5,0.0
151,0.0,0.0,0.0,0.0,0.0,6.5,0.0
152,0.0,0.0,0.0,0.0,0.0,6.5,0.0
153,0.0,0.0,0.0,0.0,0.0,6.5,0.0
154,0.0,0.0,0.0,0.0,0.0,6.5,0.0
155,0.0,0.0,0.0,0.0,0.0,6.5,0.0
156,0.0,0.0,0.035,0.0,0.0,6.5,0.0
157,0.0,0.0,0.028,0.0,0.0,6.5,0.0
158,0.0,0.0,0.007,0.0,0.0,6.5,0.0
159,0.0,0.0,0.0,0.0,0.0,6.5,0.0
160,0.0,0.0,0.0,0.0,0.0,6.5,0.0
161,0.0,0.0,0.0,0.0,0.0,6.5,0.0
162,0.0,0.0,0.0,0.0,0.0,6.5,0.0
163,0.0,0.0,0.0,0.0,0.0,6.5,0.0
164,0.0,0.0,0.0,0.0,0.0,6.5,0.0
165,0.0,0.0,0.0,0.0,0.0,6.5,0.0
166,0.0,0.0,0.0,0.0,0.0,6.5,0.0
167,0.0,0.0,0.0,0.0,0.0,6.5,0.0
168,0.0,0.0,0.0,0.0,0.0,6.5,0.0
169,0.0,0.0,0.0,0.0,0.0,6.5,0.0
170,0.0,0.0,0.0,0.0,0.0,6.5,0.0
171,0.0,0.0,0.0,0.0,0.0,6.5,0.0
172,0.0,0.0,0.0,0.0,0.0,6.5,0.0
173,0.0,0.0,0.0,0.0,0.0,6.5,0.0
174,0.0,0.0,0.0,0.0,0.0,6.5,0.0
175,0.0,0.0,0.0,0.0,0.0,6.5,0.0
176,0.0,0.0,0.0,0.0,0.0,6.5,0.0
177,0.0,0.0,0.0,0.0,0.0,6.5,0.0
178,0.0,0.0,0.0,0.0,0.0,6.5,0.0
179,0.0,0.0,0.0,0.0,0.0,6.5,0.0
180,0.0,0.0,0.0,0.0,0.0,6.5,0.0
181,0.0,0.0,0.007,0.0,0.0,6.5,0.0
182,0.0,0.0,0.007,0.0,0.0,6.5,0.0
183,0.0,0.0,0.0,0.0,0.0,6.5,0.0
184,0.0,0.0,0.0,0.0,0.0,6.5,0.0
185,0.0,0.0,0.0,0.0,0.0,6.5,0.0
186,0.0,0.0,0.0,0.0,0.0,6.5,0.0
187,0.0,0.0,0.0,0.0,0.0,6.5,0.0
188,0.0,0.0,0.0,0.0,0.0,6.5,0.0
189,0.0,0.0,0.0,0.0,0.0,6.5,0.0
190,0.0,0.0,0.0,0.0,0.0,6.5,0.0
191,0.0,0.0,0.0,0.0,0.0,6.5,0.0
192,0.0,0.0,0.0,0.0,0.0,6.5,0.0
193,0.0,0.0,0.0,0.0,0.0,6.5,0.0
194,0.0,0.0,0.0,0.0,0.0,6.5,0.0
195,0.0,0.0,0.0,0.0,0.0,6.5,0.0
196,0.0,0.0,0.0,0.0,0.0,6.5,0.0
197,0.0,0.0,0.0,0.0,0.0,6.5,0.0
198,0.0,0.0,0.0,0.0,0.0,6.5,0.0
199,0.0,0.0,0.0,0.0,0.0,6.5,0.0
200,0.0,0.0,0.0,0.0,0.0,6.5,0.0
201,0.0,0.0,0.0,0.0,0.0,6.5,0.0
202,0.0,0.0,0.0,0.0,0.0,6.5,0.0
203,0.0,0.0,0.028,0.0,0.0,6.5,0.0
204,0.0,0.0,0.098,0.0,0.0,6.5,0.0
205,0.0,0.0,0.11900000000000001,0.0,0.0,6.5,0.0
206,0.0,0.0,0.042,0.0,0.0,6.5,0.0
207,0.0,0.0,0.0,0.0,0.0,6.5,0.0
208,0.0,0.0,0.0,0.0,0.0,6.5,0.0
209,0.0,0.0,0.0,0.0,0.0,6.5,0.0
210,0.0,0.0,0.0,0.0,0.0,6.5,0.0
211,0.0,0.0,0.0,0.0,0.0,6.5,0.0
212,0.0,0.0,0.0,0.0,0.0,6.5,0.0
213,0.0,0.0,0.0,0.0,0.0,6.5,0.0
214,0.0,0.0,0.0,0.0,0.0,6.5,0.0
215,0.0,0.0,0.0,0.0,0.0,6.5,0.0
216,0.0,0.0,0.0,0.0,0.0,6.5,0.0
217,0.0,0.0,0.0,0.0,0.0,6.5,0.0
218,0.0,0.0,0.0,0.0,0.0,6.5,0.0
219,0.0,0.0,0.0,0.0,0.0,6.5,0.0
220,0.0,0.0,0.0,0.0,0.0,6.5,0.0
221,0.0,0.0,0.0,0.0,0.0,6.5,0.0
222,0.0,0.0,0.0,0.0,0.0,6.5,0.0
223,0.0,0.0,0.0,0.0,0.0,6.5,0.0
224,0.0,0.0,0.0,0.0,0.0,6.5,0.0
225,0.0,0.0,0.0,0.0,0.0,6.5,0.0
226,0.0,0.0,0.0,0.0,0.0,6.5,0.0
227,0.0,0.0,0.0,0.0,0.0,6.5,0.0
228,0.0,0.0,0.0,0.0,0.0,6.5,0.0
229,0.0,0.0,0.0,0.0,0.0,6.5,0.0
230,0.0,0.0,0.0,0.0,0.0,6.5,0.0
231,0.0,0.0,0.0,0.0,0.0,6.5,0.0
232,0.0,0.0,0.0,0.0,0.0,6.5,0.0
233,0.0,0.0,0.0,0.0,0.0,6.5,0.0
234,0.0,0.0,0.0,0.0,0.0,6.5,0.0
235,0.0,0.0,0.0,0.0,0.0,6.5,0.0
236,0.0,0.0,0.0,0.0,0.0,6.5,0.0
237,0.0,0.0,0.0,0.0,0.0,6.5,0.0
238,0.0,0.0,0.0,0.0,0.0,6.5,0.0
239,0.0,0.0,0.0,0.0,0.0,6.5,0.0
240,0.0,0.0,0.0,0.0,0.0,6.5,0.0
241,0.0,0.0,0.0,0.0,0.0,6.5,0.0
242,0.0,0.0,0.0,0.0,0.0,6.5,0.0
243,0.0,0.0,0.0,0.0,0.0,6.5,0.0
244,0.0,0.0,0.0,0.0,0.0,6.5,0.0
245,0.0,0.0,0.0,0.0,0.0,6.5,0.0
246,0.0,0.0,0.0,0.0,0.0,6.5,0.0
247,0.0,0.0,0.0,0.0,0.0,6.5,0.0
248,0.0,0.0,0.0,0.0,0.0,6.5,0.0
249,0.0,0.0,0.0,0.0,0.0,6.5,0.0
250,0.0,0.0,0.0,0.0,0.0,6.5,0.0
251,0.0,0.0,0.007,0.0,0.0,6.5,0.0
252,0.0,0.0,0.042,0.0,0.0,6.5,0.0
253,0.0,0.0,0.049,0.0,0.0,6.5,0.0
254,0.0,0.0,0.028,0.0,0.0,6.5,0.0
255,0.0,0.0,0.0,0.0,0.0,6.5,0.0
256,0.0,0.0,0.0,0.0,0.0,6.5,0.0
257,0.0,0.0,0.0,0.0,0.0,6.5,0.0
258,0.0,0.0,0.0,0.0,0.0,6.5,0.0
259,0.0,0.0,0.0,0.0,0.0,6.5,0.0
260,0.0,0.0,0.0,0.0,0.0,6.5,0.0
261,0.0,0.0,0.0,0.0,0.0,6.5,0.0
262,0.0,0.0,0.0,0.0,0.0,6.5,0.0
263,0.0,0.0,0.0,0.0,0.0,6.5,0.0
264,0.0,0.0,0.0,0.0,0.0,6.5,0.0
265,0.0,0.0,0.0,0.0,0.0,6.5,0.0
266,0.0,0.0,0.0,0.0,0.0,6.5,0.0
267,0.0,0.0,0.0,0.0,0.0,6.5,0.0
268,0.0,0.0,0.0,0.0,0.0,6.5,0.0
269,0.0,0.0,0.0,0.0,0.0,6.5,0.0
270,0.0,0.0,0.0,0.0,0.0,6.5,0.0
271,0.0,0.0,0.0,0.0,0.0,6.5,0.0
272,0.0,0.0,0.0,0.0,0.0,6.5,0.0
273,0.0,0.0,0.0,0.0,0.0,6.5,0.0
274,0.0,0.0,0.0,0.0,0.0,6.5,0.0
275,0.0,0.0,0.0,0.0,0.0,6.5,0.0
276,0.0,0.0,0.014,0.0,0.0,6.5,0.0
277,0.0,0.0,0.014,0.0,0.0,6.5,0.0
278,0.0,0.0,0.007,0.0,0.0,6.5,0.0
279,0.0,0.0,0.0,0.0,0.0,6.5,0.0
280,0.0,0.0,0.0,0.0,0.0,6.5,0.0
281,0.0,0.0,0.0,0.0,0.0,6.5,0.0
282,0.0,0.0,0.0,0.0,0.0,6.5,0.0
283,0.0,0.0,0.0,0.0,0.0,6.5,0.0
284,0.0,0.0,0.0,0.0,0.0,6.5,0.0
285,0.0,0.0,0.0,0.0,0.0,6.5,0.0
286,0.0,0.0,0.0,0.0,0.0,6.5,0.0
287,0.0,0.0,0.0,0.0,0.0,6.5,0.0
288,0.0,0.0,0.0,0.0,0.0,6.5,0.0
289,0.0,0.0,0.0,0.0,0.0,6.5,0.0
290,0.0,0.0,0.0,0.0,0.0,6.5,0.0
291,0.0,0.0,0.0,0.0,0.0,6.5,0.0
292,0.0,0.0,0.0,0.0,0.0,6.5,0.0
293,0.0,0.0,0.0,0.0,0.0,6.5,0.0
294,0.0,0.0,0.0,0.0,0.0,6.5,0.0
295,0.0,0.0,0.0,0.0,0.0,6.5,0.0
296,0.0,0.0,0.0,0.0,0.0,6.5,0.0
297,0.0,0.0,0.0,0.0,0.0,6.5,0.0
298,0.0,0.0,0.0,0.0,0.0,6.5,0.0
299,0.0,0.0,0.0,0.0,0.0,6.5,0.0
300,0.0,0.0,0.049,0.0,0.0,6.5,0.0
301,0.0,0.0,0.091,0.0,0.0,6.5,0.0
302,0.0,0.0,0.056,0.0,0.0,6.5,0.0
303,0.0,0.0,0.0,0.0,0.0,6.5,0.0
304,0.0,0.0,0.0,0.0,0.0,6.5,0.0
305,0.0,0.0,0.0,0.0,0.0,6.5,0.0
306,0.0,0.0,0.0,0.0,0.0,6.5,0.0
307,0.0,0.0,0.0,0.0,0.0,6.5,0.0
308,0.0,0.0,0.0,0.0,0.0,6.5,0.0
309,0.0,0.0,0.0,0.0,0.0,6.5,0.0
310,0.0,0.0,0.0,0.0,0.0,6.5,0.0
311,0.0,0.0,0.0,0.0,0.0,6.5,0.0
312,0.0,0.0,0.0,0.0,0.0,6.5,0.0
313,0.0,0.0,0.0,0.0,0.0,6.5,0.0
314,0.0,0.0,0.0,0.0,0.0,6.5,0.0
315,0.0,0.0,0.0,0.0,0.0,6.5,0.0
316,0.0,0.0,0.0,0.0,0.0,6.5,0.0
317,0.0,0.0,0.0,0.0,0.0,6.5,0.0
318,0.0,0.0,0.0,0.0,0.0,6.5,0.0
319,0.0,0.0,0.0,0.0,0.0,6.5,0.0
320,0.0,0.0,0.0,0.0,0.0,6.5,0.0
321,0.0,0.0,0.0,0.0,0.0,6.5,0.0
322,0.0,0.0,0.0,0.0,0.0,6.5,0.0
323,0.0,0.0,0.007,0.0,0.0,6.5,0.0
324,0.0,0.0,0.056,0.0,0.0,6.5,0.0
325,0.0,0.0,0.07,0.0,0.0,6.5,0.0
326,0.0,0.0,0.042,0.0,0.0,6.5,0.0
327,0.0,0.0,0.0,0.0,0.0,6.5,0.0
328,0.0,0.0,0.0,0.0,0.0,6.5,0.0
329,0.0,0.0,0.0,0.0,0.0,6.5,0.0
330,0.0,0.0,0.0,0.0,0.0,6.5,0.0
331,0.0,0.0,0.0,0.0,0.0,6.5,0.0
332,0.0,0.0,0.0,0.0,0.0,6.5,0.0
333,0.0,0.0,0.0,0.0,0.0,6.5,0.0
334,0.0,0.0,0.0,0.0,0.0,6.5,0.0
335,0.0,0.0,0.0,0.0,0.0,6.5,0.0
336,0.0,0.0,0.0,0.0,0.0,6.5,0.0
337,0.0,0.0,0.0,0.0,0.0,6.5,0.0
338,0.0,0.0,0.0,0.0,0.0,6.5,0.0
339,0.0,0.0,0.0,0.0,0.0,6.5,0.0
340,0.0,0.0,0.0,0.0,0.0,6.5,0.0
341,0.0,0.0,0.0,0.0,0.0,6.5,0.0
342,0.0,0.0,0.0,0.0,0.0,6.5,0.0
343,0.0,0.0,0.0,0.0,0.0,6.5,0.0
344,0.0,0.0,0.0,0.0,0.0,6.5,0.0
345,0.0,0.0,0.0,0.0,0.0,6.5,0.0
346,0.0,0.0,0.0,0.0,0.0,6.5,0.0
347,0.0,0.0,0.0,0.0,0.0,6.5,0.0
348,0.0,0.0,0.021,0.0,0.0,6.5,0.0
349,0.0,0.0,0.035,0.0,0.0,6.5,0.0
350,0.0,0.0,0.021,0.0,0.0,6.5,0.0
351,0.0,0.0,0.0,0.0,0.0,6.5,0.0
352,0.0,0.0,0.0,0.0,0.0,6.5,0.0
353,0.0,0.0,0.0,0.0,0.0,6.5,0.0
354,0.0,0.0,0.0,0.0,0.0,6.5,0.0
355,0.0,0.0,0.0,0.0,0.0,6.5,0.0
356,0.0,0.0,0.0,0.0,0.0,6.5,0.0
357,0.0,0.0,0.0,0.0,0.0,6.5,0.0
358,0.0,0.0,0.0,0.0,0.0,6.5,0.0
359,0.0,0.0,0.0,0.0,0.0,6.5,0.0
360,0.0,0.0,0.0,0.0,0.0,6.5,0.0
361,0.0,0.0,0.0,0.0,0.0,6.5,0.0
362,0.0,0.0,0.0,0.0,0.0,6.5,0.0
363,0.0,0.0,0.0,0.0,0.0,6.5,0.0
364,0.0,0.0,0.0,0.0,0.0,6.5,0.0
365,0.0,0.0,0.0,0.0,0.0,6.5,0.0
366,0.0,0.0,0.0,0.0,0.0,6.5,0.0
367,0.0,0.0,0.0,0.0,0.0,6.5,0.0
368,0.0,0.0,0.0,0.0,0.0,6.5,0.0
369,0.0,0.0,0.0,0.0,0.0,6.5,0.0
370,0.0,0.0,0.0,0.0,0.0,6.5,0.0
371,0.0,0.0,0.049,0.0,0.0,6.5,0.0
372,0.0,0.0,0.126,0.0,0.0,6.5,0.0
373,0.0,0.0,0.154,0.0,0.0,6.5,0.0
374,0.0,0.0,0.11900000000000001,0.0,0.0,6.5,0.0
375,0.0,0.0,0.021,0.0,0.0,6.5,0.0
376,0.0,0.0,0.0,0.0,0.0,6.5,0.0
377,0.0,0.0,0.0,0.0,0.0,6.5,0.0
378,0.0,0.0,0.0,0.0,0.0,6.5,0.0
379,0.0,0.0,0.0,0.0,0.0,6.5,0.0
380,0.0,0.0,0.0,0.0,0.0,6.5,0.0
381,0.0,0.0,0.0,0.0,0.0,6.5,0.0
382,0.0,0.0,0.0,0.0,0.0,6.5,0.0
383,0.0,0.0,0.0,0.0,0.0,6.5,0.0
384,0.0,0.0,0.0,0.0,0.0,6.5,0.0
385,0.0,0.0,0.0,0.0,0.0,6.5,0.0
386,0.0,0.0,0.0,0.0,0.0,6.5,0.0
387,0.0,0.0,0.0,0.0,0.0,6.5,0.0
388,0.0,0.0,0.0,0.0,0.0,6.5,0.0
389,0.0,0.0,0.0,0.0,0.0,6.5,0.0
390,0.0,0.0,0.0,0.0,0.0,6.5,0.0
391,0.0,0.0,0.0,0.0,0.0,6.5,0.0
392,0.0,0.0,0.0,0.0,0.0,6.5,0.0
393,0.0,0.0,0.0,0.0,0.0,6.5,0.0
394,0.0,0.0,0.0,0.0,0.0,6.5,0.0
395,0.0,0.0,0.0,0.0,0.0,6.5,0.0
396,0.0,0.0,0.014,0.0,0.0,6.5,0.0
397,0.0,0.0,0.014,0.0,0.0,6.5,0.0
398,0.0,0.0,0.007,0.0,0.0,6.5,0.0
399,0.0,0.0,0.0,0.0,0.0,6.5,0.0
400,0.0,0.0,0.0,0.0,0.0,6.5,0.0
401,0.0,0.0,0.0,0.0,0.0,6.5,0.0
402,0.0,0.0,0.0,0.0,0.0,6.5,0.0
403,0.0,0.0,0.0,0.0,0.0,6.5,0.0
404,0.0,0.0,0.0,0.0,0.0,6.5,0.0
405,0.0,0.0,0.0,0.0,0.0,6.5,0.0
406,0.0,0.0,0.0,0.0,0.0,6.5,0.0
407,0.0,0.0,0.0,0.0,0.0,6.5,0.0
408,0.0,0.0,0.0,0.0,0.0,6.5,0.0
409,0.0,0.0,0.0,0.0,0.0,6.5,0.0
410,0.0,0.0,0.0,0.0,0.0,6.5,0.0
411,0.0,0.0,0.0,0.0,0.0,6.5,0.0
412,0.0,0.0,0.0,0.0,0.0,6.5,0.0
413,0.0,0.0,0.0,0.0,0.0,6.5,0.0
414,0.0,0.0,0.0,0.0,0.0,6.5,0.0
415,0.0,0.0,0.0,0.0,0.0,6.5,0.0
416,0.0,0.0,0.0,0.0,0.0,6.5,0.0
417,0.0,0.0,0.0,0.0,0.0,6.5,0.0
418,0.0,0.0,0.0,0.0,0.0,6.5,0.0
419,0.0,0.0,0.049,0.0,0.0,6.5,0.0
420,0.0,0.0,0.14700000000000002,0.0,0.0,6.5,0.0
421,0.0,0.0,0.182,0.0,0.0,6.5,0.0
422,0.0,0.0,0.105,0.0,0.0,6.5,0.0
423,0.0,0.0,0.014,0.0,0.0,6.5,0.0
424,0.0,0.0,0.0,0.0,0.0,6.5,0.0
425,0.0,0.0,0.0,0.0,0.0,6.5,0.0
426,0.0,0.0,0.0,0.0,0.0,6.5,0.0
427,0.0,0.0,0.0,0.0,0.0,6.5,0.0
428,0.0,0.0,0.0,0.0,0.0,6.5,0.0
429,0.0,0.0,0.0,0.0,0.0,6.5,0.0
430,0.0,0.0,0.0,0.0,0.0,6.5,0.0
431,0.0,0.0,0.0,0.0,0.0,6.5,0.0
432,0.0,0.0,0.0,0.0,0.0,6.5,0.0
433,0.0,0.0,0.0,0.0,0.0,6.5,0.0
434,0.0,0.0,0.0,0.0,0.0,6.5,0.0
435,0.0,0.0,0.0,0.0,0.0,6.5,0.0
436,0.0,0.0,0.0,0.0,0.0,6.5,0.0
437,0.0,0.0,0.0,0.0,0.0,6.5,0.0
438,0.0,0.0,0.0,0.0,0.0,6.5,0.0
439,0.0,0.0,0.0,0.0,0.0,6.5,0.0
440,0.0,0.0,0.0,0.0,0.0,6.5,0.0
441,0.0,0.0,0.0,0.0,0.0,6.5,0.0
442,0.0,0.0,0.0,0.0,0.0,6.5,0.0
443,0.0,0.0,0.028,0.0,0.0,6.5,0.0
444,0.0,0.0,0.112,0.0,0.0,6.5,0.0
445,0.0,0.0,0.126,0.0,0.0,6.5,0.0
446,0.0,0.0,0.07,0.0,0.0,6.5,0.0
447,0.0,0.0,0.007,0.0,0.0,6.5,0.0
448,0.0,0.0,0.0,0.0,0.0,6.5,0.0
449,0.0,0.0,0.0,0.0,0.0,6.5,0.0
450,0.0,0.0,0.0,0.0,0.0,6.5,0.0
451,0.0,0.0,0.0,0.0,0.0,6.5,0.0
452,0.0,0.0,0.0,0.0,0.0,6.5,0.0
453,0.0,0.0,0.0,0.0,0.0,6.5,0.0
454,0.0,0.0,0.0,0.0,0.0,6.5,0.0
455,0.0,0.0,0.0,0.0,0.0,6.5,0.0
456,0.0,0.0,0.0,0.0,0.0,6.5,0.0
457,0.0,0.0,0.0,0.0,0.0,6.5,0.0
458,0.0,0.0,0.0,0.0,0.0,6.5,0.0
459,0.0,0.0,0.0,0.0,0.0,6.5,0.0
460,0.0,0.0,0.0,0.0,0.0,6.5,0.0
461,0.0,0.0,0.0,0.0,0.0,6.5,0.0
462,0.0,0.0,0.0,0.0,0.0,6.5,0.0
463,0.0,0.0,0.0,0.0,0.0,6.5,0.0
464,0.0,0.0,0.0,0.0,0.0,6.5,0.0
465,0.0,0.0,0.0,0.0,0.0,6.5,0.0
466,0.0,0.0,0.0,0.0,0.0,6.5,0.0
467,0.0,0.0,0.28,0.0,0.0,6.5,0.0
468,0.0,0.0,0.63,0.0,0.0,6.5,0.0
469,0.0,0.0,0.714,0.0,0.0,6.5,0.0
470,0.0,0.0,0.49000000000000005,0.0,0.0,6.5,0.0
471,0.0,0.0,0.14,0.0,0.0,6.5,0.0
472,0.0,0.0,0.0,0.0,0.0,6.5,0.0
473,0.0,0.0,0.0,0.0,0.0,6.5,0.0
474,0.0,0.0,0.0,0.0,0.0,6.5,0.0
475,0.0,0.0,0.0,0.0,0.0,6.5,0.0
476,0.0,0.0,0.0,0.0,0.0,6.5,0.0
477,0.0,0.0,0.0,0.0,0.0,6.5,0.0
478,0.0,0.0,0.0,0.0,0.0,6.5,0.0
479,0.0,0.0,0.0,0.0,0.0,6.5,0.0
480,0.0,0.0,0.0,0.0,0.0,6.5,0.0
481,0.0,0.0,0.0,0.0,0.0,6.5,0.0
482,0.0,0.0,0.0,0.0,0.0,6.5,0.0
483,0.0,0.0,0.0,0.0,0.0,6.5,0.0
484,0.0,0.0,0.0,0.0,0.0,6.5,0.0
485,0.0,0.0,0.0,0.0,0.0,6.5,0.0
486,0.0,0.0,0.0,0.0,0.0,6.5,0.0
487,0.0,0.0,0.0,0.0,0.0,6.5,0.0
488,0.0,0.0,0.0,0.0,0.0,6.5,0.0
489,0.0,0.0,0.0,0.0,0.0,6.5,0.0
490,0.0,0.0,0.0,0.0,0.0,6.5,0.0
491,0.0,0.0,0.14,0.0,0.0,6.5,0.0
492,0.0,0.0,0.24500000000000002,0.0,0.0,6.5,0.0
493,0.0,0.0,0.29400000000000004,0.0,0.0,6.5,0.0
494,0.0,0.0,0.23800000000000002,0.0,0.0,6.5,0.0
495,0.0,0.0,0.056,0.0,0.0,6.5,0.0
496,0.0,0.0,0.0,0.0,0.0,6.5,0.0
497,0.0,0.0,0.0,0.0,0.0,6.5,0.0
498,0.0,0.0,0.0,0.0,0.0,6.5,0.0
499,0.0,0.0,0.0,0.0,0.0,6.5,0.0
500,0.0,0.0,0.0,0.0,0.0,6.5,0.0
501,0.0,0.0,0.0,0.0,0.0,6.5,0.0
502,0.0,0.0,0.0,0.0,0.0,6.5,0.0
503,0.0,0.0,0.0,0.0,0.0,6.5,0.0
504,0.0,0.0,0.0,0.0,0.0,6.5,0.0
505,0.0,0.0,0.0,0.0,0.0,6.5,0.0
506,0.0,0.0,0.0,0.0,0.0,6.5,0.0
507,0.0,0.0,0.0,0.0,0.0,6.5,0.0
508,0.0,0.0,0.0,0.0,0.0,6.5,0.0
509,0.0,0.0,0.0,0.0,0.0,6.5,0.0
510,0.0,0.0,0.0,0.0,0.0,6.5,0.0
511,0.0,0.0,0.0,0.0,0.0,6.5,0.0
512,0.0,0.0,0.0,0.0,0.0,6.5,0.0
513,0.0,0.0,0.0,0.0,0.0,6.5,0.0
514,0.0,0.0,0.021,0.0,0.0,6.5,0.0
515,0.0,0.0,0.29400000000000004,0.0,0.0,6.5,0.0
516,0.0,0.0,0.47600000000000003,0.0,0.0,6.5,0.0
517,0.0,0.0,0.504,0.0,0.0,6.5,0.0
518,0.0,0.0,0.364,0.0,0.0,6.5,0.0
519,0.0,0.0,0.126,0.0,0.0,6.5,0.0
520,0.0,0.0,0.0,0.0,0.0,6.5,0.0
521,0.0,0.0,0.0,0.0,0.0,6.5,0.0
522,0.0,0.0,0.0,0.0,0.0,6.5,0.0
523,0.0,0.0,0.0,0.0,0.0,6.5,0.0
524,0.0,0.0,0.0,0.0,0.0,6.5,0.0
525,0.0,0.0,0.0,0.0,0.0,6.5,0.0
526,0.0,0.0,0.0,0.0,0.0,6.5,0.0
527,0.0,0.0,0.0,0.0,0.0,6.5,0.0
528,0.0,0.0,0.0,0.0,0.0,6.5,0.0
529,0.0,0.0,0.0,0.0,0.0,6.5,0.0
530,0.0,0.0,0.0,0.0,0.0,6.5,0.0
531,0.0,0.0,0.0,0.0,0.0,6.5,0.0
532,0.0,0.0,0.0,0.0,0.0,6.5,0.0
533,0.0,0.0,0.0,0.0,0.0,6.5,0.0
534,0.0,0.0,0.0,0.0,0.0,6.5,0.0
535,0.0,0.0,0.0,0.0,0.0,6.5,0.0
536,0.0,0.0,0.0,0.0,0.0,6.5,0.0
537,0.0,0.0,0.0,0.0,0.0,6.5,0.0
538,0.0,0.0,0.0,0.0,0.0,6.5,0.0
539,0.0,0.0,0.084,0.0,0.0,6.5,0.0
540,0.0,0.0,0.168,0.0,0.0,6.5,0.0
541,0.0,0.0,0.23800000000000002,0.0,0.0,6.5,0.0
542,0.0,0.0,0.217,0.0,0.0,6.5,0.0
543,0.0,0.0,0.091,0.0,0.0,6.5,0.0
544,0.0,0.0,0.0,0.0,0.0,6.5,0.0
545,0.0,0.0,0.0,0.0,0.0,6.5,0.0
546,0.0,0.0,0.0,0.0,0.0,6.5,0.0
547,0.0,0.0,0.0,0.0,0.0,6.5,0.0
548,0.0,0.0,0.0,0.0,0.0,6.5,0.0
549,0.0,0.0,0.0,0.0,0.0,6.5,0.0
550,0.0,0.0,0.0,0.0,0.0,6.5,0.0
551,0.0,0.0,0.0,0.0,0.0,6.5,0.0
552,0.0,0.0,0.0,0.0,0.0,6.5,0.0
553,0.0,0.0,0.0,0.0,0.0,6.5,0.0
554,0.0,0.0,0.0,0.0,0.0,6.5,0.0
555,0.0,0.0,0.0,0.0,0.0,6.5,0.0
556,0.0,0.0,0.0,0.0,0.0,6.5,0.0
557,0.0,0.0,0.0,0.0,0.0,6.5,0.0
558,0.0,0.0,0.0,0.0,0.0,6.5,0.0
559,0.0,0.0,0.0,0.0,0.0,6.5,0.0
560,0.0,0.0,0.0,0.0,0.0,6.5,0.0
561,0.0,0.0,0.0,0.0,0.0,6.5,0.0
562,0.0,0.0,0.0,0.0,0.0,6.5,0.0
563,0.0,0.0,0.07,0.0,0.0,6.5,0.0
564,0.0,0.0,0.168,0.0,0.0,6.5,0.0
565,0.0,0.0,0.224,0.0,0.0,6.5,0.0
566,0.0,0.0,0.168,0.0,0.0,6.5,0.0
567,0.0,0.0,0.042,0.0,0.0,6.5,0.0
568,0.0,0.0,0.0,0.0,0.0,6.5,0.0
569,0.0,0.0,0.0,0.0,0.0,6.5,0.0
570,0.0,0.0,0.0,0.0,0.0,6.5,0.0
571,0.0,0.0,0.0,0.0,0.0,6.5,0.0
572,0.0,0.0,0.0,0.0,0.0,6.5,0.0
573,0.0,0.0,0.0,0.0,0.0,6.5,0.0
574,0.0,0.0,0.0,0.0,0.0,6.5,0.0
575,0.0,0.0,0.0,0.0,0.0,6.5,0.0
576,0.0,0.0,0.0,0.0,0.0,6.5,0.0
577,0.0,0.0,0.0,0.0,0.0,6.5,0.0
578,0.0,0.0,0.0,0.0,0.0,6.5,0.0
579,0.0,0.0,0.0,0.0,0.0,6.5,0.0
580,0.0,0.0,0.0,0.0,0.0,6.5,0.0
581,0.0,0.0,0.0,0.0,0.0,6.5,0.0
582,0.0,0.0,0.0,0.0,0.0,6.5,0.0
583,0.0,0.0,0.0,0.0,0.0,6.5,0.0
584,0.0,0.0,0.0,0.0,0.0,6.5,0.0
585,0.0,0.0,0.0,0.0,0.0,6.5,0.0
586,0.0,0.0,0.14,0.0,0.0,6.5,0.0
587,0.0,0.0,1.1760000000000002,0.0,0.0,6.5,0.0
588,0.0,0.0,2.142,0.0,0.0,6.5,0.0
589,0.0,0.0,2.485,0.0,0.0,6.5,0.0
590,0.0,0.0,2.058,0.0,0.0,6.5,0.0
591,0.0,0.0,0.896,0.0,0.0,6.5,0.0
592,0.0,0.0,0.021,0.0,0.0,6.5,0.0
593,0.0,0.0,0.0,0.0,0.0,6.5,0.0
594,0.0,0.0,0.0,0.0,0.0,6.5,0.0
595,0.0,0.0,0.0,0.0,0.0,6.5,0.0
596,0.0,0.0,0.0,0.0,0.0,6.5,0.0
597,0.0,0.0,0.0,0.0,0.0,6.5,0.0
598,0.0,0.0,0.0,0.0,0.0,6.5,0.0
599,0.0,0.0,0.0,0.0,0.0,6.5,0.0
600,0.0,0.0,0.0,0.0,0.0,6.5,0.0
601,0.0,0.0,0.0,0.0,0.0,6.5,0.0
602,0.0,0.0,0.0,0.0,0.0,6.5,0.0
603,0.0,0.0,0.0,0.0,0.0,6.5,0.0
604,0.0,0.0,0.0,0.0,0.0,6.5,0.0
605,0.0,0.0,0.0,0.0,0.0,6.5,0.0
606,0.0,0.0,0.0,0.0,0.0,6.5,0.0
607,0.0,0.0,0.0,0.0,0.0,6.5,0.0
608,0.0,0.0,0.0,0.0,0.0,6.5,0.0
609,0.0,0.0,0.0,0.0,0.0,6.5,0.0
610,0.0,0.0,0.28700000000000003,0.0,0.0,6.5,0.0
611,0.0,0.0,1.61,0.0,0.0,6.5,0.0
612,0.0,0.0,2.506,0.0,0.0,6.5,0.0
613,0.0,0.0,2.674,0.0,0.0,6.5,0.0
614,0.0,0.0,2.093,0.0,0.0,6.5,0.0
615,0.0,0.0,0.917,0.0,0.0,6.5,0.0
616,0.0,0.0,0.035,0.0,0.0,6.5,0.0
617,0.0,0.0,0.0,0.0,0.0,6.5,0.0
618,0.0,0.0,0.0,0.0,0.0,6.5,0.0
619,0.0,0.0,0.0,0.0,0.0,6.5,0.0
620,0.0,0.0,0.0,0.0,0.0,6.5,0.0
621,0.0,0.0,0.0,0.0,0.0,6.5,0.0
622,0.0,0.0,0.0,0.0,0.0,6.5,0.0
623,0.0,0.0,0.0,0.0,0.0,6.5,0.0
624,0.0,0.0,0.0,0.0,0.0,6.5,0.0
625,0.0,0.0,0.0,0.0,0.0,6.5,0.0
626,0.0,0.0,0.0,0.0,0.0,6.5,0.0
627,0.0,0.0,0.0,0.0,0.0,6.5,0.0
628,0.0,0.0,0.0,0.0,0.0,6.5,0.0
629,0.0,0.0,0.0,0.0,0.0,6.5,0.0
630,0.0,0.0,0.0,0.0,0.0,6.5,0.0
631,0.0,0.0,0.0,0.0,0.0,6.5,0.0
632,0.0,0.0,0.0,0.0,0.0,6.5,0.0
633,0.0,0.0,0.0,0.0,0.0,6.5,0.0
634,0.0,0.0,0.168,0.0,0.0,6.5,0.0
635,0.0,0.0,0.889,0.0,0.0,6.5,0.0
636,0.0,0.0,1.589,0.0,0.0,6.5,0.0
637,0.0,0.0,1.799,0.0,0.0,6.5,0.0
638,0.0,0.0,1.428,0.0,0.0,6.5,0.0
639,0.0,0.0,0.637,0.0,0.0,6.5,0.0
640,0.0,0.0,0.028,0.0,0.0,6.5,0.0
641,0.0,0.0,0.0,0.0,0.0,6.5,0.0
642,0.0,0.0,0.0,0.0,0.0,6.5,0.0
643,0.0,0.0,0.0,0.0,0.0,6.5,0.0
644,0.0,0.0,0.0,0.0,0.0,6.5,0.0
645,0.0,0.0,0.0,0.0,0.0,6.5,0.0
646,0.0,0.0,0.0,0.0,0.0,6.5,0.0
647,0.0,0.0,0.0,0.0,0.0,6.5,0.0
648,0.0,0.0,0.0,0.0,0.0,6.5,0.0
649,0.0,0.0,0.0,0.0,0.0,6.5,0.0
650,0.0,0.0,0.0,0.0,0.0,6.5,0.0
651,0.0,0.0,0.0,0.0,0.0,6.5,0.0
652,0.0,0.0,0.0,0.0,0.0,6.5,0.0
653,0.0,0.0,0.0,0.0,0.0,6.5,0.0
654,0.0,0.0,0.0,0.0,0.0,6.5,0.0
655,0.0,0.0,0.0,0.0,0.0,6.5,0.0
656,0.0,0.0,0.0,0.0,0.0,6.5,0.0
657,0.0,0.0,0.0,0.0,0.0,6.5,0.0
658,0.0,0.0,0.014,0.0,0.0,6.5,0.0
659,0.0,0.0,0.126,0.0,0.0,6.5,0.0
660,0.0,0.0,0.259,0.0,0.0,6.5,0.0
661,0.0,0.0,0.336,0.0,0.0,6.5,0.0
662,0.0,0.0,0.329,0.0,0.0,6.5,0.0
663,0.0,0.0,0.161,0.0,0.0,6.5,0.0
664,0.0,0.0,0.0,0.0,0.0,6.5,0.0
665,0.0,0.0,0.0,0.0,0.0,6.5,0.0
666,0.0,0.0,0.0,0.0,0.0,6.5,0.0
667,0.0,0.0,0.0,0.0,0.0,6.5,0.0
668,0.0,0.0,0.0,0.0,0.0,6.5,0.0
669,0.0,0.0,0.0,0.0,0.0,6.5,0.0
670,0.0,0.0,0.0,0.0,0.0,6.5,0.0
671,0.0,0.0,0.0,0.0,0.0,6.5,0.0
672,0.0,0.0,0.0,0.0,0.0,6.5,0.0
673,0.0,0.0,0.0,0.0,0.0,6.5,0.0
674,0.0,0.0,0.0,0.0,0.0,6.5,0.0
675,0.0,0.0,0.0,0.0,0.0,6.5,0.0
676,0.0,0.0,0.0,0.0,0.0,6.5,0.0
677,0.0,0.0,0.0,0.0,0.0,6.5,0.0
678,0.0,0.0,0.0,0.0,0.0,6.5,0.0
679,0.0,0.0,0.0,0.0,0.0,6.5,0.0
680,0.0,0.0,0.0,0.0,0.0,6.5,0.0
681,0.0,0.0,0.0,0.0,0.0,6.5,0.0
682,0.0,0.0,0.035,0.0,0.0,6.5,0.0
683,0.0,0.0,0.189,0.0,0.0,6.5,0.0
684,0.0,0.0,0.336,0.0,0.0,6.5,0.0
685,0.0,0.0,0.343,0.0,0.0,6.5,0.0
686,0.0,0.0,0.24500000000000002,0.0,0.0,6.5,0.0
687,0.0,0.0,0.091,0.0,0.0,6.5,0.0
688,0.0,0.0,0.0,0.0,0.0,6.5,0.0
689,0.0,0.0,0.0,0.0,0.0,6.5,0.0
690,0.0,0.0,0.0,0.0,0.0,6.5,0.0
691,0.0,0.0,0.0,0.0,0.0,6.5,0.0
692,0.0,0.0,0.0,0.0,0.0,6.5,0.0
693,0.0,0.0,0.0,0.0,0.0,6.5,0.0
694,0.0,0.0,0.0,0.0,0.0,6.5,0.0
695,0.0,0.0,0.0,0.0,0.0,6.5,0.0
696,0.0,0.0,0.0,0.0,0.0,6.5,0.0
697,0.0,0.0,0.0,0.0,0.0,6.5,0.0
698,0.0,0.0,0.0,0.0,0.0,6.5,0.0
699,0.0,0.0,0.0,0.0,0.0,6.5,0.0
700,0.0,0.0,0.0,0.0,0.0,6.5,0.0
701,0.0,0.0,0.0,0.0,0.0,6.5,0.0
702,0.0,0.0,0.0,0.0,0.0,6.5,0.0
703,0.0,0.0,0.0,0.0,0.0,6.5,0.0
704,0.0,0.0,0.0,0.0,0.0,6.5,0.0
705,0.0,0.0,0.0,0.0,0.0,6.5,0.0
706,0.0,0.0,0.224,0.0,0.0,6.5,0.0
707,0.0,0.0,0.616,0.0,0.0,6.5,0.0
708,0.0,0.0,0.665,0.0,0.0,6.5,0.0
709,0.0,0.0,0.455,0.0,0.0,6.5,0.0
710,0.0,0.0,0.266,0.0,0.0,6.5,0.0
711,0.0,0.0,0.14700000000000002,0.0,0.0,6.5,0.0
712,0.0,0.0,0.014,0.0,0.0,6.5,0.0
713,0.0,0.0,0.0,0.0,0.0,6.5,0.0
714,0.0,0.0,0.0,0.0,0.0,6.5,0.0
715,0.0,0.0,0.0,0.0,0.0,6.5,0.0
716,0.0,0.0,0.0,0.0,0.0,6.5,0.0
717,0.0,0.0,0.0,0.0,0.0,6.5,0.0
718,0.0,0.0,0.0,0.0,0.0,6.5,0.0
719,0.0,0.0,0.0,0.0,0.0,6.5,0.0
720,0.0,0.0,0.0,0.0,0.0,6.5,0.0
721,0.0,0.0,0.0,0.0,0.0,6.5,0.0
722,0.0,0.0,0.0,0.0,0.0,6.5,0.0
723,0.0,0.0,0.0,0.0,0.0,6.5,0.0
724,0.0,0.0,0.0,0.0,0.0,6.5,0.0
725,0.0,0.0,0.0,0.0,0.0,6.5,0.0
726,0.0,0.0,0.0,0.0,0.0,6.5,0.0
727,0.0,0.0,0.0,0.0,0.0,6.5,0.0
728,0.0,0.0,0.0,0.0,0.0,6.5,0.0
729,0.0,0.0,0.0,0.0,0.0,6.5,0.0
730,0.0,0.0,0.24500000000000002,0.0,0.0,6.5,0.0
731,0.0,0.0,0.763,0.0,0.0,6.5,0.0
732,0.0,0.0,1.092,0.0,0.0,6.5,0.0
733,0.0,0.0,1.029,0.0,0.0,6.5,0.0
734,0.0,0.0,0.6930000000000001,0.0,0.0,6.5,0.0
735,0.0,0.0,0.29400000000000004,0.0,0.0,6.5,0.0
736,0.0,0.0,0.028,0.0,0.0,6.5,0.0
737,0.0,0.0,0.0,0.0,0.0,6.5,0.0
738,0.0,0.0,0.0,0.0,0.0,6.5,0.0
739,0.0,0.0,0.0,0.0,0.0,6.5,0.0
740,0.0,0.0,0.0,0.0,0.0,6.5,0.0
741,0.0,0.0,0.0,0.0,0.0,6.5,0.0
742,0.0,0.0,0.0,0.0,0.0,6.5,0.0
743,0.0,0.0,0.0,0.0,0.0,6.5,0.0
744,0.0,0.0,0.0,0.0,0.0,6.5,0.0
745,0.0,0.0,0.0,0.0,0.0,6.5,0.0
746,0.0,0.0,0.0,0.0,0.0,6.5,0.0
747,0.0,0.0,0.0,0.0,0.0,6.5,0.0
748,0.0,0.0,0.0,0.0,0.0,6.5,0.0
749,0.0,0.0,0.0,0.0,0.0,6.5,0.0
750,0.0,0.0,0.0,0.0,0.0,6.5,0.0
751,0.0,0.0,0.0,0.0,0.0,6.5,0.0
752,0.0,0.0,0.0,0.0,0.0,6.5,0.0
753,0.0,0.0,0.0,0.0,0.0,6.5,0.0
754,0.0,0.0,0.5810000000000001,0.0,0.0,6.5,0.0
755,0.0,0.0,1.694,0.0,0.0,6.5,0.0
756,0.0,0.0,2.688,0.0,0.0,6.5,0.0
757,0.0,0.0,2.884,0.0,0.0,6.5,0.0
758,0.0,0.0,2.408,0.0,0.0,6.5,0.0
759,0.0,0.0,1.253,0.0,0.0,6.5,0.0
760,0.0,0.0,0.14700000000000002,0.0,0.0,6.5,0.0
761,0.0,0.0,0.0,0.0,0.0,6.5,0.0
762,0.0,0.0,0.0,0.0,0.0,6.5,0.0
763,0.0,0.0,0.0,0.0,0.0,6.5,0.0
764,0.0,0.0,0.0,0.0,0.0,6.5,0.0
765,0.0,0.0,0.0,0.0,0.0,6.5,0.0
766,0.0,0.0,0.0,0.0,0.0,6.5,0.0
767,0.0,0.0,0.0,0.0,0.0,6.5,0.0
768,0.0,0.0,0.0,0.0,0.0,6.5,0.0
769,0.0,0.0,0.0,0.0,0.0,6.5,0.0
770,0.0,0.0,0.0,0.0,0.0,6.5,0.0
771,0.0,0.0,0.0,0.0,0.0,6.5,0.0
772,0.0,0.0,0.0,0.0,0.0,6.5,0.0
773,0.0,0.0,0.0,0.0,0.0,6.5,0.0
774,0.0,0.0,0.0,0.0,0.0,6.5,0.0
775,0.0,0.0,0.0,0.0,0.0,6.5,0.0
776,0.0,0.0,0.0,0.0,0.0,6.5,0.0
777,0.0,0.0,0.0,0.0,0.0,6.5,0.0
778,0.0,0.0,0.322,0.0,0.0,6.5,0.0
779,0.0,0.0,1.064,0.0,0.0,6.5,0.0
780,0.0,0.0,1.8690000000000002,0.0,0.0,6.5,0.0
781,0.0,0.0,2.247,0.0,0.0,6.5,0.0
782,0.0,0.0,2.17,0.0,0.0,6.5,0.0
783,0.0,0.0,1.33,0.0,0.0,6.5,0.0
784,0.0,0.0,0.217,0.0,0.0,6.5,0.0
785,0.0,0.0,0.0,0.0,0.0,6.5,0.0
786,0.0,0.0,0.0,0.0,0.0,6.5,0.0
787,0.0,0.0,0.0,0.0,0.0,6.5,0.0
788,0.0,0.0,0.0,0.0,0.0,6.5,0.0
789,0.0,0.0,0.0,0.0,0.0,6.5,0.0
790,0.0,0.0,0.0,0.0,0.0,6.5,0.0
791,0.0,0.0,0.0,0.0,0.0,6.5,0.0
792,0.0,0.0,0.0,0.0,0.0,6.5,0.0
793,0.0,0.0,0.0,0.0,0.0,6.5,0.0
794,0.0,0.0,0.0,0.0,0.0,6.5,0.0
795,0.0,0.0,0.0,0.0,0.0,6.5,0.0
796,0.0,0.0,0.0,0.0,0.0,6.5,0.0
797,0.0,0.0,0.0,0.0,0.0,6.5,0.0
798,0.0,0.0,0.0,0.0,0.0,6.5,0.0
799,0.0,0.0,0.0,0.0,0.0,6.5,0.0
800,0.0,0.0,0.0,0.0,0.0,6.5,0.0
801,0.0,0.0,0.07,0.0,0.0,6.5,0.0
802,0.0,0.0,0.637,0.0,0.0,6.5,0.0
803,0.0,0.0,1.358,0.0,0.0,6.5,0.0
804,0.0,0.0,1.232,0.0,0.0,6.5,0.0
805,0.0,0.0,0.679,0.0,0.0,6.5,0.0
806,0.0,0.0,0.35000000000000003,0.0,0.0,6.5,0.0
807,0.0,0.0,0.112,0.0,0.0,6.5,0.0
808,0.0,0.0,0.0,0.0,0.0,6.5,0.0
809,0.0,0.0,0.0,0.0,0.0,6.5,0.0
810,0.0,0.0,0.0,0.0,0.0,6.5,0.0
811,0.0,0.0,0.0,0.0,0.0,6.5,0.0
812,0.0,0.0,0.0,0.0,0.0,6.5,0.0
813,0.0,0.0,0.0,0.0,0.0,6.5,0.0
814,0.0,0.0,0.0,0.0,0.0,6.5,0.0
815,0.0,0.0,0.0,0.0,0.0,6.5,0.0
816,0.0,0.0,0.0,0.0,0.0,6.5,0.0
817,0.0,0.0,0.0,0.0,0.0,6.5,0.0
818,0.0,0.0,0.0,0.0,0.0,6.5,0.0
819,0.0,0.0,0.0,0.0,0.0,6.5,0.0
820,0.0,0.0,0.0,0.0,0.0,6.5,0.0
821,0.0,0.0,0.0,0.0,0.0,6.5,0.0
822,0.0,0.0,0.0,0.0,0.0,6.5,0.0
823,0.0,0.0,0.0,0.0,0.0,6.5,0.0
824,0.0,0.0,0.0,0.0,0.0,6.5,0.0
825,0.0,0.0,0.0,0.0,0.0,6.5,0.0
826,0.0,0.0,1.057,0.0,0.0,6.5,0.0
827,0.0,0.0,2.4989999999999997,0.0,0.0,6.5,0.0
828,0.0,0.0,3.304,0.0,0.0,6.5,0.0
829,0.0,0.0,3.444,0.0,0.0,6.5,0.0
830,0.0,0.0,2.912,0.0,0.0,6.5,0.0
831,0.0,0.0,1.7149999999999999,0.0,0.0,6.5,0.0
832,0.0,0.0,0.308,0.0,0.0,6.5,0.0
833,0.0,0.0,0.0,0.0,0.0,6.5,0.0
834,0.0,0.0,0.0,0.0,0.0,6.5,0.0
835,0.0,0.0,0.0,0.0,0.0,6.5,0.0
836,0.0,0.0,0.0,0.0,0.0,6.5,0.0
837,0.0,0.0,0.0,0.0,0.0,6.5,0.0
838,0.0,0.0,0.0,0.0,0.0,6.5,0.0
839,0.0,0.0,0.0,0.0,0.0,6.5,0.0
840,0.0,0.0,0.0,0.0,0.0,6.5,0.0
841,0.0,0.0,0.0,0.0,0.0,6.5,0.0
842,0.0,0.0,0.0,0.0,0.0,6.5,0.0
843,0.0,0.0,0.0,0.0,0.0,6.5,0.0
844,0.0,0.0,0.0,0.0,0.0,6.5,0.0
845,0.0,0.0,0.0,0.0,0.0,6.5,0.0
846,0.0,0.0,0.0,0.0,0.0,6.5,0.0
847,0.0,0.0,0.0,0.0,0.0,6.5,0.0
848,0.0,0.0,0.0,0.0,0.0,6.5,0.0
849,0.0,0.0,0.0,0.0,0.0,6.5,0.0
850,0.0,0.0,0.9520000000000001,0.0,0.0,6.5,0.0
851,0.0,0.0,2.114,0.0,0.0,6.5,0.0
852,0.0,0.0,2.835,0.0,0.0,6.5,0.0
853,0.0,0.0,2.7510000000000003,0.0,0.0,6.5,0.0
854,0.0,0.0,2.0789999999999997,0.0,0.0,6.5,0.0
855,0.0,0.0,0.9590000000000001,0.0,0.0,6.5,0.0
856,0.0,0.0,0.154,0.0,0.0,6.5,0.0
857,0.0,0.0,0.0,0.0,0.0,6.5,0.0
858,0.0,0.0,0.0,0.0,0.0,6.5,0.0
859,0.0,0.0,0.0,0.0,0.0,6.5,0.0
860,0.0,0.0,0.0,0.0,0.0,6.5,0.0
861,0.0,0.0,0.0,0.0,0.0,6.5,0.0
862,0.0,0.0,0.0,0.0,0.0,6.5,0.0
863,0.0,0.0,0.0,0.0,0.0,6.5,0.0
864,0.0,0.0,0.0,0.0,0.0,6.5,0.0
865,0.0,0.0,0.0,0.0,0.0,6.5,0.0
866,0.0,0.0,0.0,0.0,0.0,6.5,0.0
867,0.0,0.0,0.0,0.0,0.0,6.5,0.0
868,0.0,0.0,0.0,0.0,0.0,6.5,0.0
869,0.0,0.0,0.0,0.0,0.0,6.5,0.0
870,0.0,0.0,0.0,0.0,0.0,6.5,0.0
871,0.0,0.0,0.0,0.0,0.0,6.5,0.0
872,0.0,0.0,0.0,0.0,0.0,6.5,0.0
873,0.0,0.0,0.0,0.0,0.0,6.5,0.0
874,0.0,0.0,0.637,0.0,0.0,6.5,0.0
875,0.0,0.0,1.1620000000000001,0.0,0.0,6.5,0.0
876,0.0,0.0,0.9730000000000001,0.0,0.0,6.5,0.0
877,0.0,0.0,0.602,0.0,0.0,6.5,0.0
878,0.0,0.0,0.231,0.0,0.0,6.5,0.0
879,0.0,0.0,0.084,0.0,0.0,6.5,0.0
880,0.0,0.0,0.014,0.0,0.0,6.5,0.0
881,0.0,0.0,0.0,0.0,0.0,6.5,0.0
882,0.0,0.0,0.0,0.0,0.0,6.5,0.0
883,0.0,0.0,0.0,0.0,0.0,6.5,0.0
884,0.0,0.0,0.0,0.0,0.0,6.5,0.0
885,0.0,0.0,0.0,0.0,0.0,6.5,0.0
886,0.0,0.0,0.0,0.0,0.0,6.5,0.0
887,0.0,0.0,0.0,0.0,0.0,6.5,0.0
888,0.0,0.0,0.0,0.0,0.0,6.5,0.0
889,0.0,0.0,0.0,0.0,0.0,6.5,0.0
890,0.0,0.0,0.0,0.0,0.0,6.5,0.0
891,0.0,0.0,0.0,0.0,0.0,6.5,0.0
892,0.0,0.0,0.0,0.0,0.0,6.5,0.0
893,0.0,0.0,0.0,0.0,0.0,6.5,0.0
894,0.0,0.0,0.0,0.0,0.0,6.5,0.0
895,0.0,0.0,0.0,0.0,0.0,6.5,0.0
896,0.0,0.0,0.0,0.0,0.0,6.5,0.0
897,0.0,0.0,0.0,0.0,0.0,6.5,0.0
898,0.0,0.0,0.665,0.0,0.0,6.5,0.0
899,0.0,0.0,1.673,0.0,0.0,6.5,0.0
900,0.0,0.0,2.037,0.0,0.0,6.5,0.0
901,0.0,0.0,1.855,0.0,0.0,6.5,0.0
902,0.0,0.0,1.029,0.0,0.0,6.5,0.0
903,0.0,0.0,0.364,0.0,0.0,6.5,0.0
904,0.0,0.0,0.07,0.0,0.0,6.5,0.0
905,0.0,0.0,0.0,0.0,0.0,6.5,0.0
906,0.0,0.0,0.0,0.0,0.0,6.5,0.0
907,0.0,0.0,0.0,0.0,0.0,6.5,0.0
908,0.0,0.0,0.0,0.0,0.0,6.5,0.0
909,0.0,0.0,0.0,0.0,0.0,6.5,0.0
910,0.0,0.0,0.0,0.0,0.0,6.5,0.0
911,0.0,0.0,0.0,0.0,0.0,6.5,0.0
912,0.0,0.0,0.0,0.0,0.0,6.5,0.0
913,0.0,0.0,0.0,0.0,0.0,6.5,0.0
914,0.0,0.0,0.0,0.0,0.0,6.5,0.0
915,0.0,0.0,0.0,0.0,0.0,6.5,0.0
916,0.0,0.0,0.0,0.0,0.0,6.5,0.0
917,0.0,0.0,0.0,0.0,0.0,6.5,0.0
918,0.0,0.0,0.0,0.0,0.0,6.5,0.0
919,0.0,0.0,0.0,0.0,0.0,6.5,0.0
920,0.0,0.0,0.0,0.0,0.0,6.5,0.0
921,0.0,0.0,0.0,0.0,0.0,6.5,0.0
922,0.0,0.0,0.17500000000000002,0.0,0.0,6.5,0.0
923,0.0,0.0,0.434,0.0,0.0,6.5,0.0
924,0.0,0.0,0.651,0.0,0.0,6.5,0.0
925,0.0,0.0,0.9869999999999999,0.0,0.0,6.5,0.0
926,0.0,0.0,1.2249999999999999,0.0,0.0,6.5,0.0
927,0.0,0.0,0.735,0.0,0.0,6.5,0.0
928,0.0,0.0,0.091,0.0,0.0,6.5,0.0
929,0.0,0.0,0.0,0.0,0.0,6.5,0.0
930,0.0,0.0,0.0,0.0,0.0,6.5,0.0
931,0.0,0.0,0.0,0.0,0.0,6.5,0.0
932,0.0,0.0,0.0,0.0,0.0,6.5,0.0
933,0.0,0.0,0.0,0.0,0.0,6.5,0.0
934,0.0,0.0,0.0,0.0,0.0,6.5,0.0
935,0.0,0.0,0.0,0.0,0.0,6.5,0.0
936,0.0,0.0,0.0,0.0,0.0,6.5,0.0
937,0.0,0.0,0.0,0.0,0.0,6.5,0.0
938,0.0,0.0,0.0,0.0,0.0,6.5,0.0
939,0.0,0.0,0.0,0.0,0.0,6.5,0.0
940,0.0,0.0,0.0,0.0,0.0,6.5,0.0
941,0.0,0.0,0.0,0.0,0.0,6.5,0.0
942,0.0,0.0,0.0,0.0,0.0,6.5,0.0
943,0.0,0.0,0.0,0.0,0.0,6.5,0.0
944,0.0,0.0,0.0,0.0,0.0,6.5,0.0
945,0.0,0.0,0.028,0.0,0.0,6.5,0.0
946,0.0,0.0,0.868,0.0,0.0,6.5,0.0
947,0.0,0.0,1.6589999999999998,0.0,0.0,6.5,0.0
948,0.0,0.0,2.765,0.0,0.0,6.5,0.0
949,0.0,0.0,2.59,0.0,0.0,6.5,0.0
950,0.0,0.0,1.141,0.0,0.0,6.5,0.0
951,0.0,0.0,0.511,0.0,0.0,6.5,0.0
952,0.0,0.0,0.112,0.0,0.0,6.5,0.0
953,0.0,0.0,0.0,0.0,0.0,6.5,0.0
954,0.0,0.0,0.0,0.0,0.0,6.5,0.0
955,0.0,0.0,0.0,0.0,0.0,6.5,0.0
956,0.0,0.0,0.0,0.0,0.0,6.5,0.0
957,0.0,0.0,0.0,0.0,0.0,6.5,0.0
958,0.0,0.0,0.0,0.0,0.0,6.5,0.0
959,0.0,0.0,0.0,0.0,0.0,6.5,0.0
960,0.0,0.0,0.0,0.0,0.0,6.5,0.0
961,0.0,0.0,0.0,0.0,0.0,6.5,0.0
962,0.0,0.0,0.0,0.0,0.0,6.5,0.0
963,0.0,0.0,0.0,0.0,0.0,6.5,0.0
964,0.0,0.0,0.0,0.0,0.0,6.5,0.0
965,0.0,0.0,0.0,0.0,0.0,6.5,0.0
966,0.0,0.0,0.0,0.0,0.0,6.5,0.0
967,0.0,0.0,0.0,0.0,0.0,6.5,0.0
968,0.0,0.0,0.0,0.0,0.0,6.5,0.0
969,0.0,0.0,0.0,0.0,0.0,6.5,0.0
970,0.0,0.0,0.133,0.0,0.0,6.5,0.0
971,0.0,0.0,0.406,0.0,0.0,6.5,0.0
972,0.0,0.0,0.539,0.0,0.0,6.5,0.0
973,0.0,0.0,0.525,0.0,0.0,6.5,0.0
974,0.0,0.0,0.392,0.0,0.0,6.5,0.0
975,0.0,0.0,0.266,0.0,0.0,6.5,0.0
976,0.0,0.0,0.077,0.0,0.0,6.5,0.0
977,0.0,0.0,0.0,0.0,0.0,6.5,0.0
978,0.0,0.0,0.0,0.0,0.0,6.5,0.0
979,0.0,0.0,0.0,0.0,0.0,6.5,0.0
980,0.0,0.0,0.0,0.0,0.0,6.5,0.0
981,0.0,0.0,0.0,0.0,0.0,6.5,0.0
982,0.0,0.0,0.0,0.0,0.0,6.5,0.0
983,0.0,0.0,0.0,0.0,0.0,6.5,0.0
984,0.0,0.0,0.0,0.0,0.0,6.5,0.0
985,0.0,0.0,0.0,0.0,0.0,6.5,0.0
986,0.0,0.0,0.0,0.0,0.0,6.5,0.0
987,0.0,0.0,0.0,0.0,0.0,6.5,0.0
988,0.0,0.0,0.0,0.0,0.0,6.5,0.0
989,0.0,0.0,0.0,0.0,0.0,6.5,0.0
990,0.0,0.0,0.0,0.0,0.0,6.5,0.0
991,0.0,0.0,0.0,0.0,0.0,6.5,0.0
992,0.0,0.0,0.0,0.0,0.0,6.5,0.0
993,0.0,0.0,0.0,0.0,0.0,6.5,0.0
994,0.0,0.0,0.049,0.0,0.0,6.5,0.0
995,0.0,0.0,0.091,0.0,0.0,6.5,0.0
996,0.0,0.0,0.112,0.0,0.0,6.5,0.0
997,0.0,0.0,0.11900000000000001,0.0,0.0,6.5,0.0
998,0.0,0.0,0.105,0.0,0.0,6.5,0.0
999,0.0,0.0,0.063,0.0,0.0,6.5,0.0
1000,0.0,0.0,0.014,0.0,0.0,6.5,0.0
1001,0.0,0.0,0.0,0.0,0.0,6.5,0.0
1002,0.0,0.0,0.0,0.0,0.0,6.5,0.0
1003,0.0,0.0,0.0,0.0,0.0,6.5,0.0
1004,0.0,0.0,0.0,0.0,0.0,6.5,0.0
1005,0.0,0.0,0.0,0.0,0.0,6.5,0.0
1006,0.0,0.0,0.0,0.0,0.0,6.5,0.0
1007,0.0,0.0,0.0,0.0,0.0,6.5,0.0
1008,0.0,0.0,0.0,0.0,0.0,6.5,0.0
1009,0.0,0.0,0.0,0.0,0.0,6.5,0.0
1010,0.0,0.0,0.0,0.0,0.0,6.5,0.0
1011,0.0,0.0,0.0,0.0,0.0,6.5,0.0
1012,0.0,0.0,0.0,0.0,0.0,6.5,0.0
1013,0.0,0.0,0.0,0.0,0.0,6.5,0.0
1014,0.0,0.0,0.0,0.0,0.0,6.5,0.0
1015,0.0,0.0,0.0,0.0,0.0,6.5,0.0
1016,0.0,0.0,0.0,0.0,0.0,6.5,0.0
1017,0.0,0.0,0.0,0.0,0.0,6.5,0.0
1018,0.0,0.0,0.077,0.0,0.0,6.5,0.0
1019,0.0,0.0,0.133,0.0,0.0,6.5,0.0
1020,0.0,0.0,0.196,0.0,0.0,6.5,0.0
1021,0.0,0.0,0.231,0.0,0.0,6.5,0.0
1022,0.0,0.0,0.17500000000000002,0.0,0.0,6.5,0.0
1023,0.0,0.0,0.091,0.0,0.0,6.5,0.0
1024,0.0,0.0,0.014,0.0,0.0,6.5,0.0
1025,0.0,0.0,0.0,0.0,0.0,6.5,0.0
1026,0.0,0.0,0.0,0.0,0.0,6.5,0.0
1027,0.0,0.0,0.0,0.0,0.0,6.5,0.0
1028,0.0,0.0,0.0,0.0,0.0,6.5,0.0
1029,0.0,0.0,0.0,0.0,0.0,6.5,0.0
1030,0.0,0.0,0.0,0.0,0.0,6.5,0.0
1031,0.0,0.0,0.0,0.0,0.0,6.5,0.0
1032,0.0,0.0,0.0,0.0,0.0,6.5,0.0
1033,0.0,0.0,0.0,0.0,0.0,6.5,0.0
1034,0.0,0.0,0.0,0.0,0.0,6.5,0.0
1035,0.0,0.0,0.0,0.0,0.0,6.5,0.0
1036,0.0,0.0,0.0,0.0,0.0,6.5,0.0
1037,0.0,0.0,0.0,0.0,0.0,6.5,0.0
1038,0.0,0.0,0.0,0.0,0.0,6.5,0.0
1039,0.0,0.0,0.0,0.0,0.0,6.5,0.0
1040,0.0,0.0,0.0,0.0,0.0,6.5,0.0
1041,0.0,0.0,0.0,0.0,0.0,6.5,0.0
1042,0.0,0.0,0.168,0.0,0.0,6.5,0.0
1043,0.0,0.0,0.434,0.0,0.0,6.5,0.0
1044,0.0,0.0,0.5810000000000001,0.0,0.0,6.5,0.0
1045,0.0,0.0,0.553,0.0,0.0,6.5,0.0
1046,0.0,0.0,0.29400000000000004,0.0,0.0,6.5,0.0
1047,0.0,0.0,0.28700000000000003,0.0,0.0,6.5,0.0
1048,0.0,0.0,0.273,0.0,0.0,6.5,0.0
1049,0.0,0.0,0.0,0.0,0.0,6.5,0.0
1050,0.0,0.0,0.0,0.0,0.0,6.5,0.0
1051,0.0,0.0,0.0,0.0,0.0,6.5,0.0
1052,0.0,0.0,0.0,0.0,0.0,6.5,0.0
1053,0.0,0.0,0.0,0.0,0.0,6.5,0.0
1054,0.0,0.0,0.0,0.0,0.0,6.5,0.0
1055,0.0,0.0,0.0,0.0,0.0,6.5,0.0
1056,0.0,0.0,0.0,0.0,0.0,6.5,0.0
1057,0.0,0.0,0.0,0.0,0.0,6.5,0.0
1058,0.0,0.0,0.0,0.0,0.0,6.5,0.0
1059,0.0,0.0,0.0,0.0,0.0,6.5,0.0
1060,0.0,0.0,0.0,0.0,0.0,6.5,0.0
1061,0.0,0.0,0.0,0.0,0.0,6.5,0.0
1062,0.0,0.0,0.0,0.0,0.0,6.5,0.0
1063,0.0,0.0,0.0,0.0,0.0,6.5,0.0
1064,0.0,0.0,0.0,0.0,0.0,6.5,0.0
1065,0.0,0.0,0.0,0.0,0.0,6.5,0.0
1066,0.0,0.0,0.035,0.0,0.0,6.5,0.0
1067,0.0,0.0,0.154,0.0,0.0,6.5,0.0
1068,0.0,0.0,0.329,0.0,0.0,6.5,0.0
1069,0.0,0.0,0.343,0.0,0.0,6.5,0.0
1070,0.0,0.0,0.42,0.0,0.0,6.5,0.0
1071,0.0,0.0,0.315,0.0,0.0,6.5,0.0
1072,0.0,0.0,0.112,0.0,0.0,6.5,0.0
1073,0.0,0.0,0.0,0.0,0.0,6.5,0.0
1074,0.0,0.0,0.0,0.0,0.0,6.5,0.0
1075,0.0,0.0,0.0,0.0,0.0,6.5,0.0
1076,0.0,0.0,0.0,0.0,0.0,6.5,0.0
1077,0.0,0.0,0.0,0.0,0.0,6.5,0.0
1078,0.0,0.0,0.0,0.0,0.0,6.5,0.0
1079,0.0,0.0,0.0,0.0,0.0,6.5,0.0
1080,0.0,0.0,0.0,0.0,0.0,6.5,0.0
1081,0.0,0.0,0.0,0.0,0.0,6.5,0.0
1082,0.0,0.0,0.0,0.0,0.0,6.5,0.0
1083,0.0,0.0,0.0,0.0,0.0,6.5,0.0
1084,0.0,0.0,0.0,0.0,0.0,6.5,0.0
1085,0.0,0.0,0.0,0.0,0.0,6.5,0.0
1086,0.0,0.0,0.0,0.0,0.0,6.5,0.0
1087,0.0,0.0,0.0,0.0,0.0,6.5,0.0
1088,0.0,0.0,0.0,0.0,0.0,6.5,0.0
1089,0.0,0.0,0.0,0.0,0.0,6.5,0.0
1090,0.0,0.0,0.098,0.0,0.0,6.5,0.0
1091,0.0,0.0,0.273,0.0,0.0,6.5,0.0
1092,0.0,0.0,0.343,0.0,0.0,6.5,0.0
1093,0.0,0.0,0.329,0.0,0.0,6.5,0.0
1094,0.0,0.0,0.406,0.0,0.0,6.5,0.0
1095,0.0,0.0,0.441,0.0,0.0,6.5,0.0
1096,0.0,0.0,0.217,0.0,0.0,6.5,0.0
1097,0.0,0.0,0.0,0.0,0.0,6.5,0.0
1098,0.0,0.0,0.0,0.0,0.0,6.5,0.0
1099,0.0,0.0,0.0,0.0,0.0,6.5,0.0
1100,0.0,0.0,0.0,0.0,0.0,6.5,0.0
1101,0.0,0.0,0.0,0.0,0.0,6.5,0.0
1102,0.0,0.0,0.0,0.0,0.0,6.5,0.0
1103,0.0,0.0,0.0,0.0,0.0,6.5,0.0
1104,0.0,0.0,0.0,0.0,0.0,6.5,0.0
1105,0.0,0.0,0.0,0.0,0.0,6.5,0.0
1106,0.0,0.0,0.0,0.0,0.0,6.5,0.0
1107,0.0,0.0,0.0,0.0,0.0,6.5,0.0
1108,0.0,0.0,0.0,0.0,0.0,6.5,0.0
1109,0.0,0.0,0.0,0.0,0.0,6.5,0.0
1110,0.0,0.0,0.0,0.0,0.0,6.5,0.0
1111,0.0,0.0,0.0,0.0,0.0,6.5,0.0
1112,0.0,0.0,0.0,0.0,0.0,6.5,0.0
1113,0.0,0.0,0.021,0.0,0.0,6.5,0.0
1114,0.0,0.0,0.392,0.0,0.0,6.5,0.0
1115,0.0,0.0,1.127,0.0,0.0,6.5,0.0
1116,0.0,0.0,1.568,0.0,0.0,6.5,0.0
1117,0.0,0.0,1.799,0.0,0.0,6.5,0.0
1118,0.0,0.0,1.358,0.0,0.0,6.5,0.0
1119,0.0,0.0,1.085,0.0,0.0,6.5,0.0
1120,0.0,0.0,0.322,0.0,0.0,6.5,0.0
1121,0.0,0.0,0.007,0.0,0.0,6.5,0.0
1122,0.0,0.0,0.0,0.0,0.0,6.5,0.0
1123,0.0,0.0,0.0,0.0,0.0,6.5,0.0
1124,0.0,0.0,0.0,0.0,0.0,6.5,0.0
1125,0.0,0.0,0.0,0.0,0.0,6.5,0.0
1126,0.0,0.0,0.0,0.0,0.0,6.5,0.0
1127,0.0,0.0,0.0,0.0,0.0,6.5,0.0
1128,0.0,0.0,0.0,0.0,0.0,6.5,0.0
1129,0.0,0.0,0.0,0.0,0.0,6.5,0.0
1130,0.0,0.0,0.0,0.0,0.0,6.5,0.0
1131,0.0,0.0,0.0,0.0,0.0,6.5,0.0
1132,0.0,0.0,0.0,0.0,0.0,6.5,0.0
1133,0.0,0.0,0.0,0.0,0.0,6.5,0.0
1134,0.0,0.0,0.0,0.0,0.0,6.5,0.0
1135,0.0,0.0,0.0,0.0,0.0,6.5,0.0
1136,0.0,0.0,0.0,0.0,0.0,6.5,0.0
1137,0.0,0.0,0.014,0.0,0.0,6.5,0.0
1138,0.0,0.0,0.11900000000000001,0.0,0.0,6.5,0.0
1139,0.0,0.0,0.21,0.0,0.0,6.5,0.0
1140,0.0,0.0,0.252,0.0,0.0,6.5,0.0
1141,0.0,0.0,0.252,0.0,0.0,6.5,0.0
1142,0.0,0.0,0.231,0.0,0.0,6.5,0.0
1143,0.0,0.0,0.168,0.0,0.0,6.5,0.0
1144,0.0,0.0,0.063,0.0,0.0,6.5,0.0
1145,0.0,0.0,0.0,0.0,0.0,6.5,0.0
1146,0.0,0.0,0.0,0.0,0.0,6.5,0.0
1147,0.0,0.0,0.0,0.0,0.0,6.5,0.0
1148,0.0,0.0,0.0,0.0,0.0,6.5,0.0
1149,0.0,0.0,0.0,0.0,0.0,6.5,0.0
1150,0.0,0.0,0.0,0.0,0.0,6.5,0.0
1151,0.0,0.0,0.0,0.0,0.0,6.5,0.0
1152,0.0,0.0,0.0,0.0,0.0,6.5,0.0
1153,0.0,0.0,0.0,0.0,0.0,6.5,0.0
1154,0.0,0.0,0.0,0.0,0.0,6.5,0.0
1155,0.0,0.0,0.0,0.0,0.0,6.5,0.0
1156,0.0,0.0,0.0,0.0,0.0,6.5,0.0
1157,0.0,0.0,0.0,0.0,0.0,6.5,0.0
1158,0.0,0.0,0.0,0.0,0.0,6.5,0.0
1159,0.0,0.0,0.0,0.0,0.0,6.5,0.0
1160,0.0,0.0,0.0,0.0,0.0,6.5,0.0
1161,0.0,0.0,0.11900000000000001,0.0,0.0,6.5,0.0
1162,0.0,0.0,0.329,0.0,0.0,6.5,0.0
1163,0.0,0.0,0.735,0.0,0.0,6.5,0.0
1164,0.0,0.0,1.4489999999999998,0.0,0.0,6.5,0.0
1165,0.0,0.0,1.533,0.0,0.0,6.5,0.0
1166,0.0,0.0,0.7070000000000001,0.0,0.0,6.5,0.0
1167,0.0,0.0,0.48300000000000004,0.0,0.0,6.5,0.0
1168,0.0,0.0,0.231,0.0,0.0,6.5,0.0
1169,0.0,0.0,0.014,0.0,0.0,6.5,0.0
1170,0.0,0.0,0.0,0.0,0.0,6.5,0.0
1171,0.0,0.0,0.0,0.0,0.0,6.5,0.0
1172,0.0,0.0,0.0,0.0,0.0,6.5,0.0
1173,0.0,0.0,0.0,0.0,0.0,6.5,0.0
1174,0.0,0.0,0.0,0.0,0.0,6.5,0.0
1175,0.0,0.0,0.0,0.0,0.0,6.5,0.0
1176,0.0,0.0,0.0,0.0,0.0,6.5,0.0
1177,0.0,0.0,0.0,0.0,0.0,6.5,0.0
1178,0.0,0.0,0.0,0.0,0.0,6.5,0.0
1179,0.0,0.0,0.0,0.0,0.0,6.5,0.0
1180,0.0,0.0,0.0,0.0,0.0,6.5,0.0
1181,0.0,0.0,0.0,0.0,0.0,6.5,0.0
1182,0.0,0.0,0.0,0.0,0.0,6.5,0.0
1183,0.0,0.0,0.0,0.0,0.0,6.5,0.0
1184,0.0,0.0,0.0,0.0,0.0,6.5,0.0
1185,0.0,0.0,0.056,0.0,0.0,6.5,0.0
1186,0.0,0.0,0.252,0.0,0.0,6.5,0.0
1187,0.0,0.0,0.427,0.0,0.0,6.5,0.0
1188,0.0,0.0,0.392,0.0,0.0,6.5,0.0
1189,0.0,0.0,0.35000000000000003,0.0,0.0,6.5,0.0
1190,0.0,0.0,0.322,0.0,0.0,6.5,0.0
1191,0.0,0.0,0.301,0.0,0.0,6.5,0.0
1192,0.0,0.0,0.126,0.0,0.0,6.5,0.0
1193,0.0,0.0,0.0,0.0,0.0,6.5,0.0
1194,0.0,0.0,0.0,0.0,0.0,6.5,0.0
1195,0.0,0.0,0.0,0.0,0.0,6.5,0.0
1196,0.0,0.0,0.0,0.0,0.0,6.5,0.0
1197,0.0,0.0,0.0,0.0,0.0,6.5,0.0
1198,0.0,0.0,0.0,0.0,0.0,6.5,0.0
1199,0.0,0.0,0.0,0.0,0.0,6.5,0.0
1200,0.0,0.0,0.0,0.0,0.0,6.5,0.0
1201,0.0,0.0,0.0,0.0,0.0,6.5,0.0
1202,0.0,0.0,0.0,0.0,0.0,6.5,0.0
1203,0.0,0.0,0.0,0.0,0.0,6.5,0.0
1204,0.0,0.0,0.0,0.0,0.0,6.5,0.0
1205,0.0,0.0,0.0,0.0,0.0,6.5,0.0
1206,0.0,0.0,0.0,0.0,0.0,6.5,0.0
1207,0.0,0.0,0.0,0.0,0.0,6.5,0.0
1208,0.0,0.0,0.0,0.0,0.0,6.5,0.0
1209,0.0,0.0,0.364,0.0,0.0,6.5,0.0
1210,0.0,0.0,1.246,0.0,0.0,6.5,0.0
1211,0.0,0.0,2.072,0.0,0.0,6.5,0.0
1212,0.0,0.0,2.52,0.0,0.0,6.5,0.0
1213,0.0,0.0,2.646,0.0,0.0,6.5,0.0
1214,0.0,0.0,2.457,0.0,0.0,6.5,0.0
1215,0.0,0.0,1.9600000000000002,0.0,0.0,6.5,0.0
1216,0.0,0.0,0.9730000000000001,0.0,0.0,6.5,0.0
1217,0.0,0.0,0.077,0.0,0.0,6.5,0.0
1218,0.0,0.0,0.0,0.0,0.0,6.5,0.0
1219,0.0,0.0,0.0,0.0,0.0,6.5,0.0
1220,0.0,0.0,0.0,0.0,0.0,6.5,0.0
1221,0.0,0.0,0.0,0.0,0.0,6.5,0.0
1222,0.0,0.0,0.0,0.0,0.0,6.5,0.0
1223,0.0,0.0,0.0,0.0,0.0,6.5,0.0
1224,0.0,0.0,0.0,0.0,0.0,6.5,0.0
1225,0.0,0.0,0.0,0.0,0.0,6.5,0.0
1226,0.0,0.0,0.0,0.0,0.0,6.5,0.0
1227,0.0,0.0,0.0,0.0,0.0,6.5,0.0
1228,0.0,0.0,0.0,0.0,0.0,6.5,0.0
1229,0.0,0.0,0.0,0.0,0.0,6.5,0.0
1230,0.0,0.0,0.0,0.0,0.0,6.5,0.0
1231,0.0,0.0,0.0,0.0,0.0,6.5,0.0
1232,0.0,0.0,0.0,0.0,0.0,6.5,0.0
1233,0.0,0.0,0.0,0.0,0.0,6.5,0.0
1234,0.0,0.0,0.028,0.0,0.0,6.5,0.0
1235,0.0,0.0,0.091,0.0,0.0,6.5,0.0
1236,0.0,0.0,0.231,0.0,0.0,6.5,0.0
1237,0.0,0.0,0.308,0.0,0.0,6.5,0.0
1238,0.0,0.0,0.259,0.0,0.0,6.5,0.0
1239,0.0,0.0,0.168,0.0,0.0,6.5,0.0
1240,0.0,0.0,0.049,0.0,0.0,6.5,0.0
1241,0.0,0.0,0.0,0.0,0.0,6.5,0.0
1242,0.0,0.0,0.0,0.0,0.0,6.5,0.0
1243,0.0,0.0,0.0,0.0,0.0,6.5,0.0
1244,0.0,0.0,0.0,0.0,0.0,6.5,0.0
1245,0.0,0.0,0.0,0.0,0.0,6.5,0.0
1246,0.0,0.0,0.0,0.0,0.0,6.5,0.0
1247,0.0,0.0,0.0,0.0,0.0,6.5,0.0
1248,0.0,0.0,0.0,0.0,0.0,6.5,0.0
1249,0.0,0.0,0.0,0.0,0.0,6.5,0.0
1250,0.0,0.0,0.0,0.0,0.0,6.5,0.0
1251,0.0,0.0,0.0,0.0,0.0,6.5,0.0
1252,0.0,0.0,0.0,0.0,0.0,6.5,0.0
1253,0.0,0.0,0.0,0.0,0.0,6.5,0.0
1254,0.0,0.0,0.0,0.0,0.0,6.5,0.0
1255,0.0,0.0,0.0,0.0,0.0,6.5,0.0
1256,0.0,0.0,0.0,0.0,0.0,6.5,0.0
1257,0.0,0.0,0.0,0.0,0.0,6.5,0.0
1258,0.0,0.0,0.021,0.0,0.0,6.5,0.0
1259,0.0,0.0,0.077,0.0,0.0,6.5,0.0
1260,0.0,0.0,0.329,0.0,0.0,6.5,0.0
1261,0.0,0.0,0.623,0.0,0.0,6.5,0.0
1262,0.0,0.0,0.5880000000000001,0.0,0.0,6.5,0.0
1263,0.0,0.0,0.35000000000000003,0.0,0.0,6.5,0.0
1264,0.0,0.0,0.308,0.0,0.0,6.5,0.0
1265,0.0,0.0,0.049,0.0,0.0,6.5,0.0
1266,0.0,0.0,0.0,0.0,0.0,6.5,0.0
1267,0.0,0.0,0.0,0.0,0.0,6.5,0.0
1268,0.0,0.0,0.0,0.0,0.0,6.5,0.0
1269,0.0,0.0,0.0,0.0,0.0,6.5,0.0
1270,0.0,0.0,0.0,0.0,0.0,6.5,0.0
1271,0.0,0.0,0.0,0.0,0.0,6.5,0.0
1272,0.0,0.0,0.0,0.0,0.0,6.5,0.0
1273,0.0,0.0,0.0,0.0,0.0,6.5,0.0
1274,0.0,0.0,0.0,0.0,0.0,6.5,0.0
1275,0.0,0.0,0.0,0.0,0.0,6.5,0.0
1276,0.0,0.0,0.0,0.0,0.0,6.5,0.0
1277,0.0,0.0,0.0,0.0,0.0,6.5,0.0
1278,0.0,0.0,0.0,0.0,0.0,6.5,0.0
1279,0.0,0.0,0.0,0.0,0.0,6.5,0.0
1280,0.0,0.0,0.0,0.0,0.0,6.5,0.0
1281,0.0,0.0,0.014,0.0,0.0,6.5,0.0
1282,0.0,0.0,0.07,0.0,0.0,6.5,0.0
1283,0.0,0.0,0.532,0.0,0.0,6.5,0.0
1284,0.0,0.0,0.861,0.0,0.0,6.5,0.0
1285,0.0,0.0,0.231,0.0,0.0,6.5,0.0
1286,0.0,0.0,0.5670000000000001,0.0,0.0,6.5,0.0
1287,0.0,0.0,0.5740000000000001,0.0,0.0,6.5,0.0
1288,0.0,0.0,0.21,0.0,0.0,6.5,0.0
1289,0.0,0.0,0.028,0.0,0.0,6.5,0.0
1290,0.0,0.0,0.0,0.0,0.0,6.5,0.0
1291,0.0,0.0,0.0,0.0,0.0,6.5,0.0
1292,0.0,0.0,0.0,0.0,0.0,6.5,0.0
1293,0.0,0.0,0.0,0.0,0.0,6.5,0.0
1294,0.0,0.0,0.0,0.0,0.0,6.5,0.0
1295,0.0,0.0,0.0,0.0,0.0,6.5,0.0
1296,0.0,0.0,0.0,0.0,0.0,6.5,0.0
1297,0.0,0.0,0.0,0.0,0.0,6.5,0.0
1298,0.0,0.0,0.0,0.0,0.0,6.5,0.0
1299,0.0,0.0,0.0,0.0,0.0,6.5,0.0
1300,0.0,0.0,0.0,0.0,0.0,6.5,0.0
1301,0.0,0.0,0.0,0.0,0.0,6.5,0.0
1302,0.0,0.0,0.0,0.0,0.0,6.5,0.0
1303,0.0,0.0,0.0,0.0,0.0,6.5,0.0
1304,0.0,0.0,0.0,0.0,0.0,6.5,0.0
1305,0.0,0.0,0.224,0.0,0.0,6.5,0.0
1306,0.0,0.0,0.7070000000000001,0.0,0.0,6.5,0.0
1307,0.0,0.0,1.001,0.0,0.0,6.5,0.0
1308,0.0,0.0,0.791,0.0,0.0,6.5,0.0
1309,0.0,0.1082024857308792,0.8297975142691209,0.1082024857308792,0.0,6.602792361444334,0.0
1310,0.0,0.0,0.882,0.0,0.0,6.602792361444334,0.0
1311,0.0,0.0,0.5810000000000001,0.0,0.0,6.602792361444334,0.0
1312,0.0,0.0,0.301,0.0,0.0,6.602792361444334,0.0
1313,0.0,0.0,0.042,0.0,0.0,6.602792361444334,0.0
1314,0.0,0.0,0.0,0.0,0.0,6.602792361444334,0.0
1315,0.0,0.0,0.0,0.0,0.0,6.602792361444334,0.0
1316,0.0,0.0,0.0,0.0,0.0,6.602792361444334,0.0
1317,0.0,0.0,0.0,0.0,0.0,6.602792361444334,0.0
1318,0.0,0.0,0.0,0.0,0.0,6.602792361444334,0.0
1319,0.0,0.0,0.0,0.0,0.0,6.602792361444334,0.0
1320,0.0,0.0,0.0,0.0,0.0,6.602792361444334,0.0
1321,0.0,0.0,0.0,0.0,0.0,6.602792361444334,0.0
1322,0.0,0.0,0.0,0.0,0.0,6.602792361444334,0.0
1323,0.0,0.0,0.0,0.0,0.0,6.602792361444334,0.0
1324,0.0,0.0,0.0,0.0,0.0,6.602792361444334,0.0
1325,0.0,0.0,0.0,0.0,0.0,6.602792361444334,0.0
1326,0.0,0.0,0.0,0.0,0.0,6.602792361444334,0.0
1327,0.0,0.0,0.0,0.0,0.0,6.602792361444334,0.0
1328,0.0,0.0,0.0,0.0,0.0,6.602792361444334,0.0
1329,0.0,0.0,0.441,0.0,0.0,6.602792361444334,0.0
1330,0.0,0.0,0.784,0.0,0.0,6.602792361444334,0.0
1331,0.0,0.0,0.47600000000000003,0.0,0.0,6.602792361444334,0.0
1332,0.0,0.0,0.11900000000000001,0.0,0.0,6.602792361444334,0.0
1333,0.0,0.0,0.035,0.0,0.0,6.602792361444334,0.0
1334,0.0,0.0,0.042,0.0,0.0,6.602792361444334,0.0
1335,0.0,0.0,0.049,0.0,0.0,6.602792361444334,0.0
1336,0.0,0.0,0.042,0.0,0.0,6.602792361444334,0.0
1337,0.0,0.0,0.028,0.0,0.0,6.602792361444334,0.0
1338,0.0,0.0,0.0,0.0,0.0,6.602792361444334,0.0
1339,0.0,0.0,0.0,0.0,0.0,6.602792361444334,0.0
1340,0.0,0.0,0.0,0.0,0.0,6.602792361444334,0.0
1341,0.0,0.0,0.0,0.0,0.0,6.602792361444334,0.0
1342,0.0,0.0,0.0,0.0,0.0,6.602792361444334,0.0
1343,0.0,0.0,0.0,0.0,0.0,6.602792361444334,0.0
1344,0.0,0.0,0.0,0.0,0.0,6.602792361444334,0.0
1345,0.0,0.0,0.0,0.0,0.0,6.602792361444334,0.0
1346,0.0,0.0,0.0,0.0,0.0,6.602792361444334,0.0
1347,0.0,0.0,0.0,0.0,0.0,6.602792361444334,0.0
1348,0.0,0.0,0.0,0.0,0.0,6.602792361444334,0.0
1349,0.0,0.0,0.0,0.0,0.0,6.602792361444334,0.0
1350,0.0,0.0,0.0,0.0,0.0,6.602792361444334,0.0
1351,0.0,0.0,0.0,0.0,0.0,6.602792361444334,0.0
1352,0.0,0.0,0.0,0.0,0.0,6.602792361444334,0.0
1353,0.0,0.0,0.007,0.0,0.0,6.602792361444334,0.0
1354,0.0,0.0,0.084,0.0,0.0,6.602792361444334,0.0
1355,0.0,0.0,0.14700000000000002,0.0,0.0,6.602792361444334,0.0
1356,0.0,0.0,0.315,0.0,0.0,6.602792361444334,0.0
1357,0.0,0.0,0.224,0.0,0.0,6.602792361444334,0.0
1358,0.0,0.0,0.24500000000000002,0.0,0.0,6.602792361444334,0.0
1359,0.0,0.0,0.28700000000000003,0.0,0.0,6.602792361444334,0.0
1360,0.0,0.0,0.196,0.0,0.0,6.602792361444334,0.0
1361,0.0,0.0,0.021,0.0,0.0,6.602792361444334,0.0
1362,0.0,0.0,0.0,0.0,0.0,6.602792361444334,0.0
1363,0.0,0.0,0.0,0.0,0.0,6.602792361444334,0.0
1364,0.0,0.0,0.0,0.0,0.0,6.602792361444334,0.0
1365,0.0,0.0,0.0,0.0,0.0,6.602792361444334,0.0
1366,0.0,0.0,0.0,0.0,0.0,6.602792361444334,0.0
1367,0.0,0.0,0.0,0.0,0.0,6.602792361444334,0.0
1368,0.0,0.0,0.0,0.0,0.0,6.602792361444334,0.0
1369,0.0,0.0,0.0,0.0,0.0,6.602792361444334,0.0
1370,0.0,0.0,0.0,0.0,0.0,6.602792361444334,0.0
1371,0.0,0.0,0.0,0.0,0.0,6.602792361444334,0.0
1372,0.0,0.0,0.0,0.0,0.0,6.602792361444334,0.0
1373,0.0,0.0,0.0,0.0,0.0,6.602792361444334,0.0
1374,0.0,0.0,0.0,0.0,0.0,6.602792361444334,0.0
1375,0.0,0.0,0.0,0.0,0.0,6.602792361444334,0.0
1376,0.0,0.0,0.0,0.0,0.0,6.602792361444334,0.0
1377,0.0,0.05574526467319934,0.0002547353268006619,0.05574526467319934,0.0,6.655750362883874,0.0
1378,0.0,0.14633131976714828,0.0006686802328517427,0.14633131976714828,0.0,6.794765116662665,0.0
1379,0.0,0.29266263953429655,0.0013373604657034854,0.29266263953429655,0.0,7.072794624220246,0.0
1380,0.0,0.0,0.455,0.0,0.0,7.072794624220246,0.0
1381,0.0,0.6131979114051926,0.0028020885948073504,0.6131979114051926,0.0,7.65533264005518,0.0
1382,0.0,0.0,0.455,0.0,0.0,7.65533264005518,0.0
1383,0.0,0.3135671137867463,0.0014328862132537146,0.3135671137867463,0.0,7.953221398152589,0.0
1384,0.0,0.0,0.161,0.0,0.0,7.953221398152589,0.0
1385,0.0,0.0418089485048995,0.0001910514951004999,0.0418089485048995,0.0,7.992939899232244,0.0
1386,0.0,0.0,0.0,0.0,0.0,7.992939899232244,0.0
1387,0.0,0.0,0.0,0.0,0.0,7.992939899232244,0.0
1388,0.0,0.0,0.0,0.0,0.0,7.992939899232244,0.0
1389,0.0,0.0,0.0,0.0,0.0,7.992939899232244,0.0
1390,0.0,0.0,0.0,0.0,0.0,7.992939899232244,0.0
1391,0.0,0.0,0.0,0.0,0.0,7.992939899232244,0.0
1392,0.0,0.0,0.0,0.0,0.0,7.992939899232244,0.0
1393,0.0,0.0,0.0,0.0,0.0,7.992939899232244,0.0
1394,0.0,0.0,0.0,0.0,0.0,7.992939899232244,0.0
1395,0.0,0.0,0.0,0.0,0.0,7.992939899232244,0.0
1396,0.0,0.0,0.0,0.0,0.0,7.992939899232244,0.0
1397,0.0,0.0,0.0,0.0,0.0,7.992939899232244,0.0
1398,0.0,0.0,0.0,0.0,0.0,7.992939899232244,0.0
1399,0.0,0.0,0.0,0.0,0.0,7.992939899232244,0.0
1400,0.0,0.0,0.0,0.0,0.0,7.992939899232244,0.0
1401,0.0,0.11845868743054859,0.0005413125694514187,0.11845868743054859,0.0,8.105475652291267,0.0
1402,0.0,0.3693123784599456,0.0016876215400544181,0.3693123784599456,0.0,8.456322411828214,0.0
1403,0.0,0.6410705437417924,0.002929456258207619,0.6410705437417924,0.0,9.065339428382917,0.0
1404,0.0,0.7037839664991417,0.0032160335008584173,0.7037839664991417,0.0,9.733934196557101,0.0
1405,0.0,0.8570834443504398,0.003916555649560172,0.8570834443504398,0.0,10.548163468690019,0.0
1406,0.0,0.5713889629002933,0.002611037099706781,0.5713889629002933,0.0,11.090982983445295,0.0
1407,0.0,0.4111213269648451,0.0018786730351548764,0.4111213269648451,0.0,11.4815482440619,0.0
1408,0.0,0.19510842635619766,0.0008915736438023514,0.19510842635619766,0.0,11.666901249100288,0.0
1409,0.0,0.034840790420749584,0.0001592095792504189,0.034840790420749584,0.0,11.7,0.0
1410,0.0,0.0,0.0,0.0,0.0,11.7,0.0
1411,0.0,0.0,0.0,0.0,0.0,11.7,0.0
1412,0.0,0.0,0.0,0.0,0.0,11.7,0.0
1413,0.0,0.0,0.0,0.0,0.0,11.7,0.0
1414,0.0,0.0,0.0,0.0,0.0,11.7,0.0
1415,0.0,0.0,0.0,0.0,0.0,11.7,0.0
1416,0.0,0.0,0.0,0.0,0.0,11.7,0.0
1417,0.322,0.0,0.0,0.0,0.322,11.3941,0.0
1418,0.322,0.0,0.0,0.0,0.322,11.0882,0.0
1419,0.322,0.0,0.0,0.0,0.322,10.782300000000001,0.0
1420,0.322,0.0,0.0,0.0,0.322,10.476400000000002,0.0
1421,0.322,0.0,0.0,0.0,0.322,10.170500000000002,0.0
1422,0.322,0.0,0.0,0.0,0.322,9.864600000000003,0.0
1423,0.322,0.0,0.0,0.0,0.322,9.558700000000004,0.0
1424,0.395,0.0,0.0,0.0,0.045123268448839425,9.515832894973602,0.3498767315511606
1425,0.322,0.14633131976714828,0.0006686802328517427,0.0,0.0,9.515832894973602,0.17566868023285173
1426,0.322,0.4668665916380444,0.0021334083619556354,0.14486659163804444,0.0,9.653456157029744,0.0
1427,0.322,0.7177202826674414,0.003279717332558607,0.39572028266744136,0.0,10.029390425563815,0.0
1428,0.322,0.9267650251919389,0.0042349748080611205,0.6047650251919389,0.0,10.603917199496156,0.0
1429,0.322,0.7316565988357412,0.003343401164258797,0.4096565988357413,0.0,10.993090968390112,0.0
1430,0.322,0.84314712818214,0.003852871817859982,0.5211471281821399,0.0,11.488180740163145,0.0
1431,0.995,0.83617897009799,0.0038210299020099425,0.0,0.15882102990201002,11.337300761756234,0.0
1432,0.422,0.5853252790685931,0.002674720931406971,0.1633252790685931,0.0,11.4924597768714,0.0
1433,0.422,0.13936316168299834,0.0006368383170016756,0.0,0.28263683831700165,11.22395478047025,0.0
1434,2.422,0.0,0.0,0.0,2.422,8.92305478047025,0.0
1435,0.422,0.0,0.0,0.0,0.0,8.92305478047025,0.422
1436,0.495,0.0,0.0,0.0,0.0,8.92305478047025,0.495
1437,0.422,0.0,0.0,0.0,0.422,8.52215478047025,0.0
1438,0.422,0.0,0.0,0.0,0.422,8.12125478047025,0.0
1439,0.422,0.0,0.0,0.0,0.0,8.12125478047025,0.422
1440,0.322,0.0,0.0,0.0,0.322,7.815354780470248,0.0
1441,0.322,0.0,0.0,0.0,0.0,7.815354780470248,0.322
1442,0.322,0.0,0.0,0.0,0.322,7.509454780470247,0.0
1443,0.322,0.0,0.0,0.0,0.0,7.509454780470247,0.322
1444,0.322,0.0,0.0,0.0,0.322,7.203554780470247,0.0
1445,0.322,0.0,0.0,0.0,0.0,7.203554780470247,0.322
1446,0.322,0.0,0.0,0.0,0.322,6.897654780470247,0.0
1447,0.322,0.0,0.0,0.0,0.0,6.897654780470247,0.322
1448,0.395,0.0,0.0,0.0,0.0,6.897654780470247,0.395
1449,0.322,0.05574526467319934,0.0002547353268006619,0.0,0.0,6.897654780470247,0.2662547353268007
1450,0.322,0.21601290060864742,0.0009870993913525805,0.0,0.0,6.897654780470247,0.10598709939135259
1451,0.322,0.3971850107965453,0.0018149892034547421,0.07518501079654526,0.0,6.969080540726965,0.0
1452,0.322,0.5226118563112437,0.0023881436887562835,0.20061185631124376,0.0,7.1596618042226465,0.0
1453,0.322,0.48777106589049424,0.002228934109505809,0.1657710658904942,0.0,7.3171443168186165,0.0
1454,0.322,0.4459621173855947,0.0020378826144052953,0.12396211738559466,0.0,7.434908328334932,0.0
1455,0.995,0.34143974612334593,0.001560253876654094,0.0,0.653560253876654,6.81402608715211,0.0
1456,0.422,0.21601290060864742,0.0009870993913525805,0.0,0.0,6.81402608715211,0.20598709939135257
1457,0.422,0.06271342275734924,0.0002865772426507568,0.0,0.35928657724265073,6.472703838771592,0.0
1458,2.422,0.0,0.0,0.0,2.422,4.171803838771592,0.0
1459,0.422,0.0,0.0,0.0,0.0,4.171803838771592,0.422
1460,0.495,0.0,0.0,0.0,0.495,3.7015538387715923,0.0
1461,0.422,0.0,0.0,0.0,0.0,3.7015538387715923,0.422
1462,0.422,0.0,0.0,0.0,0.0,3.7015538387715923,0.422
1463,0.422,0.0,0.0,0.0,0.422,3.3006538387715922,0.0
1464,0.322,0.0,0.0,0.0,0.0,3.3006538387715922,0.322
1465,0.322,0.0,0.0,0.0,0.0,3.3006538387715922,0.322
1466,0.322,0.0,0.0,0.0,0.0,3.3006538387715922,0.322
1467,0.322,0.0,0.0,0.0,0.322,2.994753838771592,0.0
1468,0.322,0.0,0.0,0.0,0.0,2.994753838771592,0.322
1469,0.322,0.0,0.0,0.0,0.322,2.688853838771592,0.0
1470,0.322,0.0,0.0,0.0,0.0,2.688853838771592,0.322
1471,0.322,0.0,0.0,0.0,0.0,2.688853838771592,0.322
1472,0.395,0.02787263233659967,0.00012736766340033095,0.0,0.0,2.688853838771592,0.3671273676634003
1473,0.322,0.3762805365440955,0.001719463455904513,0.054280536544095495,0.0,2.740420348488483,0.0
1474,0.322,0.7177202826674414,0.003279717332558607,0.39572028266744136,0.0,3.1163546170225525,0.0
1475,0.322,1.094000819211537,0.004999180788463065,0.7720008192115368,0.0,3.8497553952735117,0.0
1476,0.322,1.4981539880922319,0.006846011907768013,1.1761539880922318,0.0,4.967101683961132,0.0
1477,0.322,1.4702813557556322,0.006718644244367633,1.1482813557556322,0.0,6.057968971928982,0.0
1478,0.322,1.0103829222017378,0.004617077798262148,0.6883829222017378,0.0,6.711932748020634,0.0
1479,0.995,0.6619750179942421,0.003024982005757959,0.0,0.0,6.711932748020634,0.33302498200575786
1480,0.422,0.35537606229164576,0.0016239377083542283,0.0,0.0,6.711932748020634,0.06662393770835424
1481,0.422,0.10452237126224875,0.0004776287377512428,0.0,0.0,6.711932748020634,0.3174776287377512
1482,2.422,0.0,0.0,0.0,2.422,4.4110327480206335,0.0
1483,0.422,0.0,0.0,0.0,0.422,4.0101327480206335,0.0
1484,0.495,0.0,0.0,0.0,0.0,4.0101327480206335,0.495
1485,0.422,0.0,0.0,0.0,0.0,4.0101327480206335,0.422
1486,0.422,0.0,0.0,0.0,0.422,3.6092327480206334,0.0
1487,0.422,0.0,0.0,0.0,0.422,3.208332748020634,0.0
1488,0.322,0.0,0.0,0.0,0.322,2.9024327480206336,0.0
1489,0.322,0.0,0.0,0.0,0.0,2.9024327480206336,0.322
1490,0.322,0.0,0.0,0.0,0.0,2.9024327480206336,0.322
1491,0.322,0.0,0.0,0.0,0.0,2.9024327480206336,0.322
1492,0.322,0.0,0.0,0.0,0.0,2.9024327480206336,0.322
1493,0.322,0.0,0.0,0.0,0.0,2.9024327480206336,0.322
1494,0.322,0.0,0.0,0.0,0.0,2.9024327480206336,0.322
1495,0.322,0.0,0.0,0.0,0.0,2.9024327480206336,0.322
1496,0.395,0.07664973892564908,0.0003502610743509188,0.0,0.31835026107435094,2.6,0.0
1497,0.322,0.8013381796772404,0.0036618203227596346,0.47933817967724046,0.0,3.0553712706933784,0.0
1498,0.322,1.825657418047278,0.008342581952722083,1.503657418047278,0.0,4.483845817838293,0.0
1499,0.322,0.322,2.478,0.0,0.0,4.483845817838293,0.0
1500,0.322,2.922,0.5009999999999999,2.6,0.0,6.9538458178382925,0.0
1501,0.322,0.322,3.024,0.0,0.0,6.9538458178382925,0.0
1502,0.322,2.8081677079124168,0.012832292087583408,2.4861677079124167,0.0,9.315705140355087,0.0
1503,0.995,0.995,1.0629999999999997,0.0,0.0,9.315705140355087,0.0
1504,0.422,1.2333639808945351,0.00563601910546474,0.8113639808945352,0.0,10.086500922204895,0.0
1505,0.422,0.4668665916380444,0.0021334083619556354,0.04486659163804446,0.0,10.12912418426104,0.0
1506,2.422,0.006968158084149917,3.184191585008274e-5,0.0,2.41503184191585,7.834843934440982,0.0
1507,0.422,0.0,0.0,0.0,0.422,7.433943934440982,0.0
1508,0.495,0.0,0.0,0.0,0.495,6.963693934440982,0.0
1509,0.422,0.0,0.0,0.0,0.422,6.562793934440982,0.0
1510,0.422,0.0,0.0,0.0,0.422,6.1618939344409815,0.0
1511,0.422,0.0,0.0,0.0,0.422,5.7609939344409815,0.0
1512,0.322,0.0,0.0,0.0,0.322,5.455093934440981,0.0
1513,0.322,0.0,0.0,0.0,0.322,5.149193934440981,0.0
1514,0.322,0.0,0.0,0.0,0.322,4.843293934440981,0.0
1515,0.322,0.0,0.0,0.0,0.322,4.53739393444098,0.0
1516,0.322,0.0,0.0,0.0,0.322,4.23149393444098,0.0
1517,0.322,0.0,0.0,0.0,0.322,3.92559393444098,0.0
1518,0.322,0.0,0.0,0.0,0.322,3.61969393444098,0.0
1519,0.322,0.0,0.0,0.0,0.322,3.31379393444098,0.0
1520,0.395,0.2996307976184464,0.0013692023815535803,0.0,0.09536920238155361,3.2231931921785035,0.0
1521,0.322,0.322,1.624,0.0,0.0,3.2231931921785035,0.0
1522,0.322,0.322,3.171,0.0,0.0,3.2231931921785035,0.0
1523,0.322,2.922,1.677,2.6,0.0,5.693193192178504,0.0
1524,0.322,0.7562729537074473,4.451727046292553,0.43427295370744723,0.0,6.105752498200578,0.0
1525,0.322,2.922,2.4259999999999997,2.6,0.0,8.575752498200579,0.0
1526,0.322,2.922,2.0899999999999994,2.6,0.0,11.045752498200578,0.0
1527,0.995,0.995,3.226,0.0,0.0,11.045752498200578,0.0
1528,0.422,0.422,2.5949999999999998,0.0,0.0,11.045752498200578,0.0
1529,0.422,0.422,0.9780000000000002,0.0,0.0,11.045752498200578,0.0
1530,2.422,0.06968158084149917,0.0003184191585008378,0.0,2.352318419158501,8.811050000000002,0.0
1531,0.422,0.0,0.0,0.0,0.422,8.410150000000002,0.0
1532,0.495,0.0,0.0,0.0,0.495,7.9399000000000015,0.0
1533,0.422,0.0,0.0,0.0,0.422,7.5390000000000015,0.0
1534,0.422,0.0,0.0,0.0,0.422,7.138100000000001,0.0
1535,0.422,0.0,0.0,0.0,0.422,6.737200000000001,0.0
1536,0.322,0.0,0.0,0.0,0.322,6.431300000000001,0.0
1537,0.322,0.0,0.0,0.0,0.322,6.125400000000001,0.0
1538,0.322,0.0,0.0,0.0,0.322,5.819500000000001,0.0
1539,0.322,0.0,0.0,0.0,0.322,5.5136,0.0
1540,0.322,0.0,0.0,0.0,0.322,5.2077,0.0
1541,0.322,0.0,0.0,0.0,0.322,4.9018,0.0
1542,0.322,0.0,0.0,0.0,0.322,4.595899999999999,0.0
1543,0.322,0.0,0.0,0.0,0.322,4.289999999999999,0.0
1544,0.395,0.395,0.01799999999999996,0.0,0.0,4.289999999999999,0.0
1545,0.322,0.322,1.771,0.0,0.0,4.289999999999999,0.0
1546,0.322,0.322,3.234,0.0,0.0,4.289999999999999,0.0
1547,0.322,0.322,4.277,0.0,0.0,4.289999999999999,0.0
1548,0.322,2.922,2.244,2.6,0.0,6.76,0.0
1549,0.322,0.322,4.963,0.0,0.0,6.76,0.0
1550,0.322,2.922,2.0689999999999995,2.6,0.0,9.23,0.0
1551,0.995,3.595,0.661,2.6,0.0,11.7,0.0
1552,0.422,0.422,2.6159999999999997,0.0,0.0,11.7,0.0
1553,0.422,0.422,0.9080000000000001,0.0,0.0,11.7,0.0
1554,2.422,0.07664973892564908,0.0003502610743509188,0.0,2.3453502610743513,9.471917251979367,0.0
1555,0.422,0.0,0.0,0.0,0.422,9.071017251979367,0.0
1556,0.495,0.0,0.0,0.0,0.495,8.600767251979367,0.0
1557,0.422,0.0,0.0,0.0,0.422,8.199867251979367,0.0
1558,0.422,0.0,0.0,0.0,0.422,7.798967251979366,0.0
1559,0.422,0.0,0.0,0.0,0.422,7.3980672519793655,0.0
1560,0.322,0.0,0.0,0.0,0.322,7.092167251979365,0.0
1561,0.322,0.0,0.0,0.0,0.0,7.092167251979365,0.322
1562,0.322,0.0,0.0,0.0,0.322,6.786267251979365,0.0
1563,0.322,0.0,0.0,0.0,0.322,6.480367251979365,0.0
1564,0.322,0.0,0.0,0.0,0.0,6.480367251979365,0.322
1565,0.322,0.0,0.0,0.0,0.0,6.480367251979365,0.322
1566,0.322,0.0,0.0,0.0,0.0,6.480367251979365,0.322
1567,0.322,0.0,0.0,0.0,0.322,6.174467251979364,0.0
1568,0.395,0.034840790420749584,0.0001592095792504189,0.0,0.36015920957925035,5.832316002879077,0.0
1569,0.322,0.34840790420749584,0.001592095792504189,0.02640790420749586,0.0,5.857403511876199,0.0
1570,0.322,0.9407013413602389,0.004298658639761199,0.6187013413602388,0.0,6.445169786168425,0.0
1571,0.322,1.6305489916910807,0.007451008308919427,1.3085489916910806,0.0,7.688291328274952,0.0
1572,0.322,1.930179789309527,0.008820210690473118,1.6081797893095269,0.0,9.216062128119002,0.0
1573,0.322,1.6444853078593804,0.0075146921406195055,1.3224853078593803,0.0,10.472423170585413,0.0
1574,0.322,1.3239500359884842,0.006049964011515918,1.001950035988484,0.0,11.424275704774471,0.0
1575,0.995,0.7037839664991417,0.0032160335008584173,0.0,0.0,11.424275704774471,0.29121603350085834
1576,0.422,0.23691737486109718,0.0010826251389028374,0.0,0.1850826251389028,11.248447210892516,0.0
1577,0.422,0.05574526467319934,0.0002547353268006619,0.0,0.0,11.248447210892516,0.3662547353268007
1578,2.422,0.0,0.0,0.0,2.422,8.947547210892516,0.0
1579,0.422,0.0,0.0,0.0,0.0,8.947547210892516,0.422
1580,0.495,0.0,0.0,0.0,0.03260386781493805,8.916573536468327,0.46239613218506187
1581,0.422,0.0,0.0,0.0,0.422,8.515673536468327,0.0
1582,0.422,0.0,0.0,0.0,0.0,8.515673536468327,0.422
1583,0.422,0.0,0.0,0.0,0.422,8.114773536468327,0.0
1584,0.322,0.0,0.0,0.0,0.322,7.808873536468327,0.0
1585,0.322,0.0,0.0,0.0,0.0,7.808873536468327,0.322
1586,0.322,0.0,0.0,0.0,0.322,7.5029735364683265,0.0
1587,0.322,0.0,0.0,0.0,0.322,7.197073536468326,0.0
1588,0.322,0.0,0.0,0.0,0.322,6.891173536468326,0.0
1589,0.322,0.0,0.0,0.0,0.322,6.585273536468326,0.0
1590,0.322,0.0,0.0,0.0,0.0,6.585273536468326,0.322
1591,0.322,0.0,0.0,0.0,0.322,6.279373536468326,0.0
1592,0.395,0.006968158084149917,3.184191585008274e-5,0.0,0.3880318419158501,5.910743286648269,0.0
1593,0.322,0.14633131976714828,0.0006686802328517427,0.0,0.0,5.910743286648269,0.17566868023285173
1594,0.322,0.3275034299550461,0.0014965700449539043,0.005503429955046089,0.0,5.915971545105562,0.0
1595,0.322,0.6480387018259423,0.0029612981740577693,0.32603870182594225,0.0,6.225708311840207,0.0
1596,0.322,0.9337331832760888,0.004266816723911271,0.6117331832760888,0.0,6.806854835952491,0.0
1597,0.322,1.0173510802858878,0.004648919714112187,0.6953510802858878,0.0,7.467438362224085,0.0
1598,0.322,1.0103829222017378,0.004617077798262148,0.6883829222017378,0.0,8.121402138315736,0.0
1599,0.995,0.8779879186028896,0.004012081397110401,0.0,0.11701208139711049,8.010240660988481,0.0
1600,0.422,0.5086755401429439,0.0023244598570560937,0.08667554014294394,0.0,8.092582424124275,0.0
1601,0.422,0.2090447425244975,0.0009552574755024856,0.0,0.21295525747550248,7.890274929522549,0.0
1602,2.422,0.0,0.0,0.0,0.0,7.890274929522549,2.422
1603,0.422,0.0,0.0,0.0,0.422,7.489374929522549,0.0
1604,0.495,0.0,0.0,0.0,0.495,7.019124929522549,0.0
1605,0.422,0.0,0.0,0.0,0.422,6.618224929522549,0.0
1606,0.422,0.0,0.0,0.0,0.422,6.217324929522549,0.0
1607,0.422,0.0,0.0,0.0,0.0,6.217324929522549,0.422
1608,0.322,0.0,0.0,0.0,0.0,6.217324929522549,0.322
1609,0.322,0.0,0.0,0.0,0.0,6.217324929522549,0.322
1610,0.322,0.0,0.0,0.0,0.322,5.91142492952255,0.0
1611,0.322,0.0,0.0,0.0,0.322,5.60552492952255,0.0
1612,0.322,0.0,0.0,0.0,0.322,5.29962492952255,0.0
1613,0.322,0.0,0.0,0.0,0.0,5.29962492952255,0.322
1614,0.322,0.0,0.0,0.0,0.0,5.29962492952255,0.322
1615,0.322,0.0,0.0,0.0,0.0,5.29962492952255,0.322
1616,0.395,0.11149052934639868,0.0005094706536013238,0.0,0.2835094706536013,5.03029093240163,0.0
1617,0.322,0.5435163305636935,0.0024836694363065126,0.22151633056369352,0.0,5.240731446437138,0.0
1618,0.322,1.0173510802858878,0.004648919714112187,0.6953510802858878,0.0,5.9013149727087315,0.0
1619,0.322,1.2542684551469852,0.005731544853014858,0.932268455146985,0.0,6.786970005098367,0.0
1620,0.322,1.67235794019598,0.007642059804019885,1.35035794019598,0.0,8.069810048284548,0.0
1621,0.322,1.7071987306167293,0.007801269383270526,1.3851987306167293,0.0,9.38574884237044,0.0
1622,0.322,1.6026763593544808,0.007323640645519269,1.2806763593544808,0.0,10.6023913837572,0.0
1623,0.995,1.3030455617360346,0.005954438263965356,0.30804556173603437,0.0,10.895034667406431,0.0
1624,0.422,0.7107521245832915,0.0032478754167084567,0.28875212458329147,0.0,11.16934918576056,0.0
1625,0.422,0.3205352718708962,0.0014647281291038095,0.0,0.10146472812910382,11.072957694037909,0.0
1626,2.422,0.02090447425244975,9.552574755024995e-5,0.0,2.4010955257475506,8.791916944577736,0.0
1627,0.422,0.0,0.0,0.0,0.422,8.391016944577736,0.0
1628,0.495,0.0,0.0,0.0,0.0,8.391016944577736,0.495
1629,0.422,0.0,0.0,0.0,0.422,7.9901169445777365,0.0
1630,0.422,0.0,0.0,0.0,0.422,7.589216944577736,0.0
1631,0.422,0.0,0.0,0.0,0.0,7.589216944577736,0.422
1632,0.322,0.0,0.0,0.0,0.322,7.283316944577736,0.0
1633,0.322,0.0,0.0,0.0,0.322,6.977416944577736,0.0
1634,0.322,0.0,0.0,0.0,0.0,6.977416944577736,0.322
1635,0.322,0.0,0.0,0.0,0.0,6.977416944577736,0.322
1636,0.322,0.0,0.0,0.0,0.322,6.671516944577736,0.0
1637,0.322,0.0,0.0,0.0,0.0,6.671516944577736,0.322
1638,0.322,0.0,0.0,0.0,0.0,6.671516944577736,0.322
1639,0.322,0.0,0.0,0.0,0.0,6.671516944577736,0.322
1640,0.395,0.013936316168299835,6.368383170016548e-5,0.0,0.3810636838317002,6.30950644493762,0.0
1641,0.322,0.13936316168299834,0.0006368383170016756,0.0,0.0,6.30950644493762,0.18263683831700167
1642,0.322,0.29266263953429655,0.0013373604657034854,0.0,0.0,6.30950644493762,0.02933736046570347
1643,0.322,0.4250576431331449,0.0019423568668550661,0.1030576431331449,0.0,6.407411205914108,0.0
1644,0.322,0.501707382058794,0.0022926179412060543,0.179707382058794,0.0,6.578133218869962,0.0
1645,0.322,0.5574526467319934,0.0025473532680067024,0.23545264673199334,0.0,6.801813233265356,0.0
1646,0.322,0.5644208048161433,0.0025791951838567417,0.2424208048161433,0.0,7.032112997840692,0.0
1647,0.995,0.5156436982270938,0.002356301772906244,0.0,0.0,7.032112997840692,0.47935630177290617
1648,0.422,0.4041531688806952,0.001846831119304837,0.0,0.0,7.032112997840692,0.017846831119304792
1649,0.422,0.2020765844403476,0.0009234155596524185,0.0,0.0,7.032112997840692,0.2199234155596524
1650,2.422,0.013936316168299835,6.368383170016548e-5,0.0,2.4080636838317004,4.744452498200576,0.0
1651,0.422,0.0,0.0,0.0,0.0,4.744452498200576,0.422
1652,0.495,0.0,0.0,0.0,0.0,4.744452498200576,0.495
1653,0.422,0.0,0.0,0.0,0.0,4.744452498200576,0.422
1654,0.422,0.0,0.0,0.0,0.0,4.744452498200576,0.422
1655,0.422,0.0,0.0,0.0,0.0,4.744452498200576,0.422
1656,0.322,0.0,0.0,0.0,0.322,4.438552498200576,0.0
1657,0.322,0.0,0.0,0.0,0.322,4.132652498200576,0.0
1658,0.322,0.0,0.0,0.0,0.322,3.826752498200576,0.0
1659,0.322,0.0,0.0,0.0,0.0,3.826752498200576,0.322
1660,0.322,0.0,0.0,0.0,0.322,3.520852498200576,0.0
1661,0.322,0.0,0.0,0.0,0.0,3.520852498200576,0.322
1662,0.322,0.0,0.0,0.0,0.322,3.214952498200576,0.0
1663,0.322,0.0,0.0,0.0,0.322,2.909052498200576,0.0
1664,0.395,0.06968158084149917,0.0003184191585008378,0.0,0.32531841915850085,2.6,0.0
1665,0.322,0.4808029078063443,0.002197092193655714,0.15880290780634426,0.0,2.7508627624160273,0.0
1666,0.322,0.322,0.8260000000000001,0.0,0.0,2.7508627624160273,0.0
1667,0.322,1.9162434731412272,0.00875652685877304,1.5942434731412272,0.0,4.265394061900193,0.0
1668,0.322,0.322,1.904,0.0,0.0,4.265394061900193,0.0
1669,0.322,2.50156875220982,0.0114312477901799,2.17956875220982,0.0,6.335984376499522,0.0
1670,0.322,2.47369611987322,0.011303880126779742,2.15169611987322,0.0,8.38009569037908,0.0
1671,0.995,1.999861370151026,0.009138629848973956,1.0048613701510258,0.0,9.334713992022557,0.0
1672,0.422,1.3239500359884842,0.006049964011515918,0.9019500359884843,0.0,10.191566526211618,0.0
1673,0.422,0.5644208048161433,0.0025791951838567417,0.14242080481614333,0.0,10.326866290786954,0.0
1674,2.422,0.048777106589049414,0.00022289341095058784,0.0,2.3732228934109507,8.07230454204655,0.0
1675,0.422,0.0,0.0,0.0,0.422,7.671404542046551,0.0
1676,0.495,0.0,0.0,0.0,0.495,7.201154542046551,0.0
1677,0.422,0.0,0.0,0.0,0.422,6.8002545420465506,0.0
1678,0.422,0.0,0.0,0.0,0.422,6.3993545420465505,0.0
1679,0.422,0.0,0.0,0.0,0.422,5.9984545420465505,0.0
1680,0.322,0.0,0.0,0.0,0.322,5.69255454204655,0.0
1681,0.322,0.0,0.0,0.0,0.322,5.38665454204655,0.0
1682,0.322,0.0,0.0,0.0,0.322,5.08075454204655,0.0
1683,0.322,0.0,0.0,0.0,0.322,4.774854542046549,0.0
1684,0.322,0.0,0.0,0.0,0.322,4.468954542046549,0.0
1685,0.322,0.0,0.0,0.0,0.322,4.163054542046549,0.0
1686,0.322,0.0,0.0,0.0,0.322,3.857154542046549,0.0
1687,0.322,0.0,0.0,0.0,0.322,3.551254542046549,0.0
1688,0.395,0.43202580121729484,0.001974198782705161,0.03702580121729481,0.0,3.586429053202979,0.0
1689,0.322,1.0173510802858878,0.004648919714112187,0.6953510802858878,0.0,4.247012579474572,0.0
1690,0.322,2.292524009685322,0.01047599031467783,1.9705240096853225,0.0,6.119010388675629,0.0
1691,0.322,1.3119370248888695,2.7970629751111304,0.9899370248888696,0.0,7.059450562320055,0.0
1692,0.322,2.9057219210905156,0.013278078909484403,2.5837219210905156,0.0,9.513986387356045,0.0
1693,0.322,1.6026763593544808,0.007323640645519269,1.2806763593544808,0.0,10.7306289287428,0.0
1694,0.322,1.3169818779043343,0.006018122095665657,0.9949818779043341,0.0,11.675861712751919,0.0
1695,0.995,0.8083063377613904,0.003693662238609674,0.0,0.1866936622386096,11.498502733625239,0.0
1696,0.422,0.6341023856576424,0.0028976143423575795,0.21210238565764242,0.0,11.7,0.0
1697,0.422,0.34840790420749584,0.001592095792504189,0.0,0.07359209579250413,11.63008750899712,0.0
1698,2.422,0.013936316168299835,6.368383170016548e-5,0.0,2.061771675169209,9.671404417586373,0.3462920086624915
1699,0.422,0.0,0.0,0.0,0.0,9.671404417586373,0.422
1700,0.495,0.0,0.0,0.0,0.495,9.201154417586373,0.0
1701,0.422,0.0,0.0,0.0,0.422,8.800254417586373,0.0
1702,0.422,0.0,0.0,0.0,0.422,8.399354417586373,0.0
1703,0.422,0.0,0.0,0.0,0.422,7.998454417586372,0.0
1704,0.322,0.0,0.0,0.0,0.322,7.692554417586372,0.0
1705,0.322,0.0,0.0,0.0,0.322,7.386654417586372,0.0
1706,0.322,0.0,0.0,0.0,0.322,7.0807544175863715,0.0
1707,0.322,0.0,0.0,0.0,0.0,7.0807544175863715,0.322
1708,0.322,0.0,0.0,0.0,0.0,7.0807544175863715,0.322
1709,0.322,0.0,0.0,0.0,0.322,6.774854417586371,0.0
1710,0.322,0.0,0.0,0.0,0.322,6.468954417586371,0.0
1711,0.322,0.0,0.0,0.0,0.0,6.468954417586371,0.322
1712,0.395,0.02090447425244975,9.552574755024995e-5,0.0,0.37409552574755023,6.113563668126199,0.0
1713,0.322,0.13936316168299834,0.0006368383170016756,0.0,0.18263683831700167,5.940058671725047,0.0
1714,0.322,0.29266263953429655,0.0013373604657034854,0.0,0.02933736046570347,5.912188179282628,0.0
1715,0.322,0.4389939593014448,0.0020060406985552004,0.11699395930144474,0.0,6.023332440619001,0.0
1716,0.322,0.5435163305636935,0.0024836694363065126,0.22151633056369352,0.0,6.23377295465451,0.0
1717,0.322,0.5713889629002933,0.002611037099706781,0.2493889629002932,0.0,6.470692469409789,0.0
1718,0.322,0.5365481724795436,0.0024518275204564732,0.21454817247954355,0.0,6.674513233265355,0.0
1719,0.995,0.4041531688806952,0.001846831119304837,0.0,0.5908468311193048,6.113208743702016,0.0
1720,0.422,0.24388553294524712,0.0011144670547529045,0.0,0.17811446705475287,5.944,0.0
1721,0.422,0.10452237126224875,0.0004776287377512428,0.0,0.0,5.944,0.3174776287377512
1722,2.422,0.0,0.0,0.0,0.0,5.944,2.422
1723,0.422,0.0,0.0,0.0,0.0,5.944,0.422
1724,0.495,0.0,0.0,0.0,0.0,5.944,0.495
1725,0.422,0.0,0.0,0.0,0.422,5.5431,0.0
1726,0.422,0.0,0.0,0.0,0.422,5.1422,0.0
1727,0.422,0.0,0.0,0.0,0.422,4.7413,0.0
1728,0.322,0.0,0.0,0.0,0.0,4.7413,0.322
1729,0.322,0.0,0.0,0.0,0.322,4.4354,0.0
1730,0.322,0.0,0.0,0.0,0.322,4.1295,0.0
1731,0.322,0.0,0.0,0.0,0.322,3.8236000000000003,0.0
1732,0.322,0.0,0.0,0.0,0.322,3.5177,0.0
1733,0.322,0.0,0.0,0.0,0.322,3.2118,0.0
1734,0.322,0.0,0.0,0.0,0.322,2.9059,0.0
1735,0.322,0.0,0.0,0.0,0.322,2.6,0.0
1736,0.395,0.11845868743054859,0.0005413125694514187,0.0,0.0,2.6,0.2765413125694514
1737,0.322,0.322,0.182,0.0,0.0,2.6,0.0
1738,0.322,0.7609031420471707,0.2190968579528294,0.4389031420471707,0.0,3.016957984944812,0.0
1739,0.322,1.3727271425775336,0.006272857422466416,1.0507271425775335,0.0,4.01514877039347,0.0
1740,0.322,1.7071987306167293,0.007801269383270526,1.3851987306167293,0.0,5.331087564479362,0.0
1741,0.322,1.769912153374079,0.008087846625921102,1.4479121533740789,0.0,6.706604110184737,0.0
1742,0.322,1.7420395210374793,0.007960478962520723,1.4200395210374792,0.0,8.055641655170344,0.0
1743,0.995,1.6026763593544808,0.007323640645519269,0.6076763593544808,0.0,8.6329341965571,0.0
1744,0.422,1.1218734515481366,0.005126548451863444,0.6998734515481366,0.0,9.29781397552783,0.0
1745,0.422,0.5922934371527431,0.0027065628472570102,0.170293437152743,0.0,9.459592740822938,0.0
1746,2.422,0.09755421317809883,0.0004457868219011757,0.0,2.3244457868219013,7.251369243342132,0.0
1747,0.422,0.0,0.0,0.0,0.422,6.850469243342132,0.0
1748,0.495,0.0,0.0,0.0,0.495,6.380219243342132,0.0
1749,0.422,0.0,0.0,0.0,0.422,5.979319243342132,0.0
1750,0.422,0.0,0.0,0.0,0.422,5.578419243342132,0.0
1751,0.422,0.0,0.0,0.0,0.422,5.1775192433421315,0.0
1752,0.322,0.0,0.0,0.0,0.322,4.871619243342131,0.0
1753,0.322,0.0,0.0,0.0,0.322,4.565719243342131,0.0
1754,0.322,0.0,0.0,0.0,0.322,4.259819243342131,0.0
1755,0.322,0.0,0.0,0.0,0.322,3.95391924334213,0.0
1756,0.322,0.0,0.0,0.0,0.322,3.64801924334213,0.0
1757,0.322,0.0,0.0,0.0,0.322,3.3421192433421303,0.0
1758,0.322,0.0,0.0,0.0,0.322,3.0362192433421304,0.0
1759,0.322,0.0,0.0,0.0,0.322,2.7303192433421306,0.0
1760,0.395,0.2578218491135469,0.001178150886453122,0.0,0.1371781508864531,2.6,0.0
1761,0.322,0.322,0.742,0.0,0.0,2.6,0.0
1762,0.322,2.243746903096273,0.010253096903726888,1.921746903096273,0.0,4.425659557941459,0.0
1763,0.322,0.322,2.9330000000000003,0.0,0.0,4.425659557941459,0.0
1764,0.322,2.922,0.718,2.6,0.0,6.8956595579414595,0.0
1765,0.322,2.922,0.7250000000000001,2.6,0.0,9.365659557941461,0.0
1766,0.322,0.322,3.136,0.0,0.0,9.365659557941461,0.0
1767,0.995,0.995,1.9589999999999996,0.0,0.0,9.365659557941461,0.0
1768,0.422,0.422,1.72,0.0,0.0,9.365659557941461,0.0
1769,0.422,1.1218734515481366,0.005126548451863444,0.6998734515481366,0.0,10.03053933691219,0.0
1770,2.422,0.2020765844403476,0.0009234155596524185,0.0,2.2199234155596526,7.92161209213052,0.0
1771,0.422,0.0,0.0,0.0,0.422,7.52071209213052,0.0
1772,0.495,0.0,0.0,0.0,0.495,7.05046209213052,0.0
1773,0.422,0.0,0.0,0.0,0.422,6.64956209213052,0.0
1774,0.422,0.0,0.0,0.0,0.422,6.24866209213052,0.0
1775,0.422,0.0,0.0,0.0,0.422,5.84776209213052,0.0
1776,0.322,0.0,0.0,0.0,0.322,5.541862092130519,0.0
1777,0.322,0.0,0.0,0.0,0.322,5.235962092130519,0.0
1778,0.322,0.0,0.0,0.0,0.322,4.930062092130519,0.0
1779,0.322,0.0,0.0,0.0,0.322,4.624162092130518,0.0
1780,0.322,0.0,0.0,0.0,0.322,4.318262092130518,0.0
1781,0.322,0.0,0.0,0.0,0.322,4.012362092130519,0.0
1782,0.322,0.0,0.0,0.0,0.322,3.7064620921305185,0.0
1783,0.322,0.0,0.0,0.0,0.322,3.4005620921305186,0.0
1784,0.395,0.5574526467319934,0.0025473532680067024,0.1624526467319934,0.0,3.5548921065259127,0.0
1785,0.322,1.8117211018789783,0.008278898121021783,1.4897211018789782,0.0,4.970127153310942,0.0
1786,0.322,0.322,2.7159999999999997,0.0,0.0,4.970127153310942,0.0
1787,0.322,0.322,3.5700000000000003,0.0,0.0,4.970127153310942,0.0
1788,0.322,2.922,1.544,2.6,0.0,7.440127153310941,0.0
1789,0.322,0.322,4.249,0.0,0.0,7.440127153310941,0.0
1790,0.322,2.922,1.3199999999999998,2.6,0.0,9.91012715331094,0.0
1791,0.995,1.9980311189892899,1.49496888101071,1.0030311189892898,0.0,10.863006716350766,0.0
1792,0.422,0.422,2.105,0.0,0.0,10.863006716350766,0.0
1793,0.422,1.3030455617360346,0.005954438263965356,0.8810455617360343,0.0,11.7,0.0
1794,2.422,0.2578218491135469,0.001178150886453122,0.0,2.1641781508864533,9.64403075665787,0.0
1795,0.422,0.0,0.0,0.0,0.07080433629659665,9.576766637176103,0.3511956637034033
1796,0.495,0.0,0.0,0.0,0.495,9.106516637176103,0.0
1797,0.422,0.0,0.0,0.0,0.422,8.705616637176103,0.0
1798,0.422,0.0,0.0,0.0,0.422,8.304716637176103,0.0
1799,0.422,0.0,0.0,0.0,0.422,7.903816637176102,0.0
1800,0.322,0.0,0.0,0.0,0.322,7.597916637176102,0.0
1801,0.322,0.0,0.0,0.0,0.0,7.597916637176102,0.322
1802,0.322,0.0,0.0,0.0,0.322,7.2920166371761015,0.0
1803,0.322,0.0,0.0,0.0,0.0,7.2920166371761015,0.322
1804,0.322,0.0,0.0,0.0,0.322,6.986116637176101,0.0
1805,0.322,0.0,0.0,0.0,0.322,6.680216637176101,0.0
1806,0.322,0.0,0.0,0.0,0.0,6.680216637176101,0.322
1807,0.322,0.0,0.0,0.0,0.322,6.374316637176101,0.0
1808,0.395,0.167235794019598,0.0007642059804019996,0.0,0.227764205980402,6.1579406414947195,0.0
1809,0.322,0.4808029078063443,0.002197092193655714,0.15880290780634426,0.0,6.308803403910747,0.0
1810,0.322,0.6968158084149917,0.003184191585008378,0.37481580841499174,0.0,6.664878421904989,0.0
1811,0.322,0.759529231172341,0.0034707688276590654,0.4375292311723409,0.0,7.080531191518713,0.0
1812,0.322,0.7177202826674414,0.003279717332558607,0.39572028266744136,0.0,7.456465460052783,0.0
1813,0.322,0.6550068599100922,0.0029931400899078087,0.33300685991009216,0.0,7.7728219769673705,0.0
1814,0.322,0.5365481724795436,0.0024518275204564732,0.2145481724795436,0.0,7.976642740822937,0.0
1815,0.995,0.4041531688806952,0.001846831119304837,0.0,0.0,7.976642740822937,0.5908468311193048
1816,0.422,0.2578218491135469,0.001178150886453122,0.0,0.0,7.976642740822937,0.16417815088645307
1817,0.422,0.11149052934639868,0.0005094706536013238,0.0,0.3105094706536013,7.681658743702016,0.0
1818,2.422,0.013936316168299835,6.368383170016548e-5,0.0,2.4080636838317004,5.393998244061901,0.0
1819,0.422,0.0,0.0,0.0,0.422,4.993098244061901,0.0
1820,0.495,0.0,0.0,0.0,0.0,4.993098244061901,0.495
1821,0.422,0.0,0.0,0.0,0.0,4.993098244061901,0.422
1822,0.422,0.0,0.0,0.0,0.0,4.993098244061901,0.422
1823,0.422,0.0,0.0,0.0,0.422,4.592198244061901,0.0
1824,0.322,0.0,0.0,0.0,0.322,4.286298244061901,0.0
1825,0.322,0.0,0.0,0.0,0.322,3.9803982440619006,0.0
1826,0.322,0.0,0.0,0.0,0.322,3.6744982440619003,0.0
1827,0.322,0.0,0.0,0.0,0.0,3.6744982440619003,0.322
1828,0.322,0.0,0.0,0.0,0.322,3.3685982440619,0.0
1829,0.322,0.0,0.0,0.0,0.0,3.3685982440619,0.322
1830,0.322,0.0,0.0,0.0,0.322,3.0626982440619,0.0
1831,0.322,0.0,0.0,0.0,0.322,2.7567982440619003,0.0
1832,0.395,0.22994921677694724,0.0010507832230527703,0.0,0.16505078322305278,2.6,0.0
1833,0.322,0.8292108120138401,0.003789187986159903,0.50721081201384,0.0,3.081850271413148,0.0
1834,0.322,1.7490076791216291,0.007992320878370984,1.427007679121629,0.0,4.437507566578695,0.0
1835,0.322,0.322,1.8900000000000001,0.0,0.0,4.437507566578695,0.0
1836,0.322,1.3328858391630445,1.2501141608369557,1.0108858391630444,0.0,5.397849113783588,0.0
1837,0.322,2.5364095426305697,0.011590457369430318,2.2144095426305697,0.0,7.501538179282629,0.0
1838,0.322,2.2576832192645733,0.010316780735426967,1.9356832192645732,0.0,9.340437237583975,0.0
1839,0.995,0.995,1.1469999999999998,0.0,0.0,9.340437237583975,0.0
1840,0.422,0.422,0.8520000000000001,0.0,0.0,9.340437237583975,0.0
1841,0.422,0.422,0.14500000000000007,0.0,0.0,9.340437237583975,0.0
1842,2.422,0.09058605509394892,0.0004139449060510808,0.0,2.331413944906051,7.125593989923225,0.0
1843,0.422,0.0,0.0,0.0,0.422,6.7246939899232245,0.0
1844,0.495,0.0,0.0,0.0,0.495,6.2544439899232245,0.0
1845,0.422,0.0,0.0,0.0,0.422,5.8535439899232244,0.0
1846,0.422,0.0,0.0,0.0,0.422,5.452643989923224,0.0
1847,0.422,0.0,0.0,0.0,0.422,5.051743989923224,0.0
1848,0.322,0.0,0.0,0.0,0.322,4.745843989923224,0.0
1849,0.322,0.0,0.0,0.0,0.322,4.439943989923224,0.0
1850,0.322,0.0,0.0,0.0,0.322,4.1340439899232235,0.0
1851,0.322,0.0,0.0,0.0,0.322,3.828143989923224,0.0
1852,0.322,0.0,0.0,0.0,0.322,3.5222439899232243,0.0
1853,0.322,0.0,0.0,0.0,0.322,3.2163439899232245,0.0
1854,0.322,0.0,0.0,0.0,0.322,2.9104439899232246,0.0
1855,0.322,0.0,0.0,0.0,0.322,2.604543989923225,0.0
1856,0.395,0.3902168527123953,0.0017831472876047028,0.0,0.004783147287604671,2.6,0.0
1857,0.322,1.2403321389786852,0.0056678610213147795,0.9183321389786852,0.0,3.4724155320297507,0.0
1858,0.322,0.322,2.009,0.0,0.0,3.4724155320297507,0.0
1859,0.322,2.922,0.802,2.6,0.0,5.94241553202975,0.0
1860,0.322,0.322,4.235,0.0,0.0,5.94241553202975,0.0
1861,0.322,1.792185926293058,2.918814073706942,1.4701859262930579,0.0,7.339092162008154,0.0
1862,0.322,2.922,1.5159999999999996,2.6,0.0,9.809092162008156,0.0
1863,0.995,2.5085369102939703,0.011463089706029717,1.51353691029397,0.0,11.246952226787426,0.0
1864,0.422,0.8988923928553392,0.004107607144660852,0.4768923928553393,0.0,11.7,0.0
1865,0.422,0.34840790420749584,0.001592095792504189,0.0,0.07359209579250413,11.63008750899712,0.0
1866,2.422,0.09755421317809883,0.0004457868219011757,0.0,2.3244457868219013,9.421864011516313,0.0
1867,0.422,0.0,0.0,0.0,0.0,9.421864011516313,0.422
1868,0.495,0.0,0.0,0.0,0.0,9.421864011516313,0.495
1869,0.422,0.0,0.0,0.0,0.422,9.020964011516313,0.0
1870,0.422,0.0,0.0,0.0,0.422,8.620064011516313,0.0
1871,0.422,0.0,0.0,0.0,0.422,8.219164011516312,0.0
1872,0.322,0.0,0.0,0.0,0.322,7.913264011516314,0.0
1873,0.322,0.0,0.0,0.0,0.322,7.607364011516314,0.0
1874,0.322,0.0,0.0,0.0,0.322,7.301464011516313,0.0
1875,0.322,0.0,0.0,0.0,0.0,7.301464011516313,0.322
1876,0.322,0.0,0.0,0.0,0.322,6.995564011516313,0.0
1877,0.322,0.0,0.0,0.0,0.322,6.689664011516313,0.0
1878,0.322,0.0,0.0,0.0,0.322,6.383764011516313,0.0
1879,0.322,0.0,0.0,0.0,0.322,6.077864011516312,0.0
1880,0.395,0.1323950035988484,0.0006049964011516085,0.0,0.2626049964011516,5.828389264935217,0.0
1881,0.322,0.5435163305636935,0.0024836694363065126,0.22151633056369352,0.0,6.038829778970727,0.0
1882,0.322,1.087032661127387,0.004967338872613025,0.765032661127387,0.0,6.765610807041743,0.0
1883,0.322,1.1636824000530361,0.005317599946963902,0.841682400053036,0.0,7.565209087092128,0.0
1884,0.322,0.8501152862662898,0.0038847137337101323,0.5281152862662899,0.0,8.066918609045102,0.0
1885,0.322,0.6410705437417924,0.002929456258207619,0.31907054374179233,0.0,8.370035625599803,0.0
1886,0.322,0.5504844886478434,0.002515511352156663,0.22848448864784346,0.0,8.587095889815258,0.0
1887,0.995,0.675911334162542,0.003088665837458038,0.0,0.0,8.587095889815261,0.31908866583745804
1888,0.422,0.5156436982270938,0.002356301772906244,0.0936436982270938,0.0,8.676057403130999,0.0
1889,0.422,0.24388553294524712,0.0011144670547529045,0.0,0.17811446705475287,8.506848659428984,0.0
1890,2.422,0.034840790420749584,0.0001592095792504189,0.0,2.3871592095792504,6.239047410328696,0.0
1891,0.422,0.0,0.0,0.0,0.422,5.838147410328696,0.0
1892,0.495,0.0,0.0,0.0,0.0,5.838147410328696,0.495
1893,0.422,0.0,0.0,0.0,0.422,5.437247410328696,0.0
1894,0.422,0.0,0.0,0.0,0.422,5.036347410328696,0.0
1895,0.422,0.0,0.0,0.0,0.422,4.635447410328696,0.0
1896,0.322,0.0,0.0,0.0,0.322,4.329547410328695,0.0
1897,0.322,0.0,0.0,0.0,0.0,4.329547410328695,0.322
1898,0.322,0.0,0.0,0.0,0.0,4.329547410328695,0.322
1899,0.322,0.0,0.0,0.0,0.322,4.023647410328695,0.0
1900,0.322,0.0,0.0,0.0,0.322,3.7177474103286947,0.0
1901,0.322,0.0,0.0,0.0,0.322,3.4118474103286944,0.0
1902,0.322,0.0,0.0,0.0,0.322,3.105947410328695,0.0
1903,0.322,0.0,0.0,0.0,0.0,3.105947410328695,0.322
1904,0.395,0.02090447425244975,9.552574755024995e-5,0.0,0.37409552574755023,2.7505566608685226,0.0
1905,0.322,0.3205352718708962,0.0014647281291038095,0.0,0.0,2.7505566608685226,0.0014647281291038335
1906,0.322,0.668943176078392,0.0030568239216079984,0.34694317607839203,0.0,3.080152678142995,0.0
1907,0.322,1.2682047713152849,0.005795228684715159,0.9462047713152848,0.0,3.9790472108925146,0.0
1908,0.322,2.822104024080716,0.01289597591928393,2.500104024080716,0.0,6.354146033769195,0.0
1909,0.322,2.0277340024876254,0.009265997512374557,1.7057340024876257,0.0,7.97459333613244,0.0
1910,0.322,1.985925053982726,0.009074946017273877,1.663925053982726,0.0,9.555322137416027,0.0
1911,0.995,1.8674663665521776,0.008533633447822542,0.8724663665521778,0.0,10.384165185640597,0.0
1912,0.422,1.3030455617360346,0.005954438263965356,0.8810455617360343,0.0,11.22115846928983,0.0
1913,0.422,0.84314712818214,0.003852871817859982,0.4211471281821399,0.0,11.621248241062862,0.0
1914,2.422,0.3135671137867463,0.0014328862132537146,0.0,0.0,11.621248241062862,2.108432886213254
1915,0.422,0.0,0.0,0.0,0.0,11.621248241062862,0.422
1916,0.495,0.0,0.0,0.0,0.495,11.150998241062862,0.0
1917,0.422,0.0,0.0,0.0,0.0,11.150998241062862,0.422
1918,0.422,0.0,0.0,0.0,0.422,10.750098241062862,0.0
1919,0.422,0.0,0.0,0.0,0.0,10.750098241062862,0.422
1920,0.322,0.0,0.0,0.0,0.322,10.444198241062862,0.0
1921,0.322,0.0,0.0,0.0,0.322,10.138298241062863,0.0
1922,0.322,0.0,0.0,0.0,0.322,9.832398241062863,0.0
1923,0.322,0.0,0.0,0.0,0.0,9.832398241062863,0.322
1924,0.322,0.0,0.0,0.0,0.322,9.526498241062864,0.0
1925,0.322,0.0,0.0,0.0,0.322,9.220598241062865,0.0
1926,0.322,0.0,0.0,0.0,0.322,8.914698241062865,0.0
1927,0.322,0.0,0.0,0.0,0.322,8.608798241062866,0.0
1928,0.395,0.1254268455146985,0.0005731544853015136,0.0,0.2695731544853015,8.35270374430183,0.0
1929,0.322,0.3832486946282454,0.0017513053717546079,0.06124869462824541,0.0,8.410890004198665,0.0
1930,0.322,0.5992615952368928,0.0027384047631071606,0.2772615952368928,0.0,8.674288519673715,0.0
1931,0.322,0.5156436982270938,0.002356301772906244,0.1936436982270938,0.0,8.858250032989451,0.0
1932,0.322,0.4598984335538945,0.0021015664461055406,0.13789843355389453,0.0,8.989253544865653,0.0
1933,0.322,0.3205352718708962,0.0014647281291038095,0.0,0.0,8.989253544865653,0.0014647281291038335
1934,0.322,0.2647900071976968,0.001209992802303217,0.0,0.057209992802303156,8.934904051703462,0.0
1935,0.995,0.29266263953429655,0.0013373604657034854,0.0,0.7023373604657034,8.267683559261046,0.0
1936,0.422,0.2020765844403476,0.0009234155596524185,0.0,0.2199234155596524,8.058756314479377,0.0
1937,0.422,0.11149052934639868,0.0005094706536013238,0.0,0.0,8.058756314479377,0.3105094706536013
1938,2.422,0.06271342275734924,0.0002865772426507568,0.0,0.0,8.058756314479377,2.3592865772426506
1939,0.422,0.0,0.0,0.0,0.0,8.058756314479377,0.422
1940,0.495,0.0,0.0,0.0,0.495,7.588506314479375,0.0
1941,0.422,0.0,0.0,0.0,0.0,7.588506314479375,0.422
1942,0.422,0.0,0.0,0.0,0.0,7.588506314479375,0.422
1943,0.422,0.0,0.0,0.0,0.422,7.187606314479375,0.0
1944,0.322,0.0,0.0,0.0,0.0,7.187606314479375,0.322
1945,0.322,0.0,0.0,0.0,0.322,6.881706314479374,0.0
1946,0.322,0.0,0.0,0.0,0.322,6.575806314479374,0.0
1947,0.322,0.0,0.0,0.0,0.322,6.269906314479374,0.0
1948,0.322,0.0,0.0,0.0,0.0,6.269906314479374,0.322
1949,0.322,0.0,0.0,0.0,0.0,6.269906314479374,0.322
1950,0.322,0.0,0.0,0.0,0.0,6.269906314479374,0.322
1951,0.322,0.0,0.0,0.0,0.0,6.269906314479374,0.322
1952,0.395,0.09755421317809883,0.0004457868219011757,0.0,0.0,6.269906314479374,0.2974457868219012
1953,0.322,0.24388553294524712,0.0011144670547529045,0.0,0.0781144670547529,6.19569757077736,0.0
1954,0.322,0.5295800143953936,0.002419985604606434,0.20758001439539361,0.0,6.392898584452983,0.0
1955,0.322,0.7874018635089406,0.003598136491059445,0.4654018635089406,0.0,6.8350303547864755,0.0
1956,0.322,0.8013381796772404,0.0036618203227596346,0.47933817967724046,0.0,7.290401625479855,0.0
1957,0.322,0.9267650251919389,0.0042349748080611205,0.6047650251919389,0.0,7.864928399412197,0.0
1958,0.322,0.7177202826674414,0.003279717332558607,0.39572028266744136,0.0,8.240862667946265,0.0
1959,0.995,0.49473922397464404,0.002260776025355904,0.0,0.0,8.240862667946265,0.5002607760253559
1960,0.422,0.4250576431331449,0.0019423568668550661,0.003057643133144921,0.0,8.243767428922753,0.0
1961,0.422,0.2578218491135469,0.001178150886453122,0.0,0.0,8.243767428922753,0.16417815088645307
1962,2.422,0.05574526467319934,0.0002547353268006619,0.0,0.0,8.243767428922753,2.366254735326801
1963,0.422,0.0,0.0,0.0,0.0,8.243767428922753,0.422
1964,0.495,0.0,0.0,0.0,0.495,7.773517428922753,0.0
1965,0.422,0.0,0.0,0.0,0.0,7.773517428922753,0.422
1966,0.422,0.0,0.0,0.0,0.0,7.773517428922753,0.422
1967,0.422,0.0,0.0,0.0,0.422,7.372617428922753,0.0
1968,0.322,0.0,0.0,0.0,0.322,7.066717428922753,0.0
1969,0.322,0.0,0.0,0.0,0.322,6.760817428922753,0.0
1970,0.322,0.0,0.0,0.0,0.0,6.760817428922753,0.322
1971,0.322,0.0,0.0,0.0,0.0,6.760817428922753,0.322
1972,0.322,0.0,0.0,0.0,0.322,6.454917428922752,0.0
1973,0.322,0.0,0.0,0.0,0.322,6.149017428922752,0.0
1974,0.322,0.0,0.0,0.0,0.0,6.149017428922752,0.322
1975,0.322,0.0,0.0,0.0,0.322,5.843117428922752,0.0
1976,0.395,0.05574526467319934,0.0002547353268006619,0.0,0.0,5.843117428922752,0.3392547353268007
1977,0.322,0.19510842635619766,0.0008915736438023514,0.0,0.12689157364380235,5.722570433961139,0.0
1978,0.322,0.36234422037579567,0.0016557796242043232,0.040344220375795645,0.0,5.760897443318146,0.0
1979,0.322,0.5086755401429439,0.0023244598570560937,0.1866755401429439,0.0,5.938239206453942,0.0
1980,0.322,0.6898476503308419,0.0031523496691581165,0.3678476503308418,0.0,6.287694474268243,0.0
1981,0.322,0.9058605509394891,0.004139449060510891,0.5838605509394892,0.0,6.842361997660757,0.0
1982,0.322,0.8849560766870395,0.004043923312960551,0.5629560766870394,0.0,7.377170270513444,0.0
1983,0.995,0.6898476503308419,0.0031523496691581165,0.0,0.30515234966915816,7.087275538327742,0.0
1984,0.422,0.49473922397464404,0.002260776025355904,0.07273922397464404,0.0,7.1563778011036545,0.0
1985,0.422,0.27175816528184676,0.0012418347181532563,0.0,0.0,7.1563778011036545,0.1502418347181532
1986,2.422,0.07664973892564908,0.0003502610743509188,0.0,0.3324612492423653,6.840539614323405,2.012889011831985
1987,0.422,0.0,0.0,0.0,0.422,6.439639614323406,0.0
1988,0.495,0.0,0.0,0.0,0.0,6.439639614323406,0.495
1989,0.422,0.0,0.0,0.0,0.422,6.038739614323406,0.0
1990,0.422,0.0,0.0,0.0,0.422,5.637839614323406,0.0
1991,0.422,0.0,0.0,0.0,0.422,5.236939614323406,0.0
1992,0.322,0.0,0.0,0.0,0.0,5.236939614323406,0.322
1993,0.322,0.0,0.0,0.0,0.322,4.931039614323406,0.0
1994,0.322,0.0,0.0,0.0,0.322,4.625139614323405,0.0
1995,0.322,0.0,0.0,0.0,0.0,4.625139614323405,0.322
1996,0.322,0.0,0.0,0.0,0.322,4.319239614323406,0.0
1997,0.322,0.0,0.0,0.0,0.0,4.319239614323406,0.322
1998,0.322,0.0,0.0,0.0,0.322,4.013339614323406,0.0
1999,0.322,0.02090447425244975,9.552574755024995e-5,0.0,0.3010955257475502,3.7272988648632324,0.0
2000,0.395,0.34840790420749584,0.001592095792504189,0.0,0.04659209579250415,3.683036373860354,0.0
2001,0.322,0.84314712818214,0.003852871817859982,0.5211471281821399,0.0,4.178126145633387,0.0
2002,0.322,1.1009689772956868,0.005031022704313326,0.7789689772956868,0.0,4.91814667406429,0.0
2003,0.322,1.1497460838847362,0.005253916115263824,0.8277460838847361,0.0,5.7045054537547895,0.0
2004,0.322,1.4284724072507327,0.006527592749267175,1.1064724072507326,0.0,6.755654240642985,0.0
2005,0.322,1.4284724072507327,0.006527592749267175,1.1064724072507326,0.0,7.806803027531181,0.0
2006,0.322,0.9685739736968385,0.004426026303161579,0.6465739736968384,0.0,8.421048302543179,0.0
2007,0.995,0.7804337054247906,0.0035662945752094055,0.0,0.21456629457520932,8.217210322696731,0.0
2008,0.422,0.4111213269648451,0.0018786730351548764,0.0,0.0,8.217210322696731,0.010878673035154926
2009,0.422,0.24388553294524712,0.0011144670547529045,0.0,0.17811446705475287,8.048001578994715,0.0
2010,2.422,0.0418089485048995,0.0001910514951004999,0.0,0.0,8.048001578994715,2.3801910514951006
2011,0.422,0.0,0.0,0.0,0.422,7.647101578994714,0.0
2012,0.495,0.0,0.0,0.0,0.495,7.176851578994714,0.0
2013,0.422,0.0,0.0,0.0,0.0,7.176851578994714,0.422
2014,0.422,0.0,0.0,0.0,0.422,6.775951578994714,0.0
2015,0.422,0.0,0.0,0.0,0.422,6.3750515789947135,0.0
2016,0.322,0.0,0.0,0.0,0.0,6.3750515789947135,0.322
2017,0.322,0.0,0.0,0.0,0.322,6.069151578994714,0.0
2018,0.322,0.0,0.0,0.0,0.0,6.069151578994714,0.322
2019,0.322,0.0,0.0,0.0,0.0,6.069151578994714,0.322
2020,0.322,0.0,0.0,0.0,0.0,6.069151578994714,0.322
2021,0.322,0.0,0.0,0.0,0.0,6.069151578994714,0.322
2022,0.322,0.0,0.0,0.0,0.322,5.763251578994715,0.0
2023,0.322,0.0418089485048995,0.0001910514951004999,0.0,0.0,5.763251578994715,0.2801910514951005
2024,0.395,0.501707382058794,0.0022926179412060543,0.10670738205879393,0.0,5.864623591950568,0.0
2025,0.322,1.2403321389786852,0.0056678610213147795,0.9183321389786852,0.0,6.73703912398032,0.0
2026,0.322,1.2333639808945351,0.00563601910546474,0.9113639808945351,0.0,7.602834905830127,0.0
2027,0.322,0.912828709023639,0.004171290976361042,0.5908287090236389,0.0,8.164122179402584,0.0
2028,0.322,0.5365481724795436,0.0024518275204564732,0.2145481724795436,0.0,8.367942943258152,0.0
2029,0.322,0.4389939593014448,0.0020060406985552004,0.11699395930144474,0.0,8.479087204594524,0.0
2030,0.322,0.4041531688806952,0.001846831119304837,0.0821531688806952,0.0,8.557132715031184,0.0
2031,0.995,0.5086755401429439,0.0023244598570560937,0.0,0.0,8.557132715031184,0.4863244598570561
2032,0.422,0.49473922397464404,0.002260776025355904,0.07273922397464404,0.0,8.626234977807094,0.0
2033,0.422,0.22994921677694724,0.0010507832230527703,0.0,0.19205078322305275,8.443786733745196,0.0
2034,2.422,0.034840790420749584,0.0001592095792504189,0.0,0.0,8.443786733745196,2.3871592095792504
2035,0.422,0.0,0.0,0.0,0.422,8.042886733745195,0.0
2036,0.495,0.0,0.0,0.0,0.495,7.572636733745195,0.0
2037,0.422,0.0,0.0,0.0,0.0,7.572636733745195,0.422
2038,0.422,0.0,0.0,0.0,0.422,7.171736733745195,0.0
2039,0.422,0.0,0.0,0.0,0.0,7.171736733745195,0.422
2040,0.322,0.0,0.0,0.0,0.322,6.865836733745195,0.0
2041,0.322,0.0,0.0,0.0,0.322,6.559936733745196,0.0
2042,0.322,0.0,0.0,0.0,0.0,6.559936733745196,0.322
2043,0.322,0.0,0.0,0.0,0.322,6.254036733745195,0.0
2044,0.322,0.0,0.0,0.0,0.322,5.948136733745195,0.0
2045,0.322,0.0,0.0,0.0,0.0,5.948136733745195,0.322
2046,0.322,0.0,0.0,0.0,0.322,5.642236733745196,0.0
2047,0.322,0.013936316168299835,6.368383170016548e-5,0.0,0.3080636838317002,5.349576234105081,0.0
2048,0.395,0.15329947785129816,0.0007005221487018376,0.0,0.0,5.349576234105081,0.24170052214870186
2049,0.322,0.34143974612334593,0.001560253876654094,0.019439746123345935,0.0,5.368043992922259,0.0
2050,0.322,0.5644208048161433,0.0025791951838567417,0.2424208048161433,0.0,5.598343757497596,0.0
2051,0.322,0.5435163305636935,0.0024836694363065126,0.22151633056369352,0.0,5.808784271533104,0.0
2052,0.322,0.5435163305636935,0.0024836694363065126,0.22151633056369352,0.0,6.019224785568614,0.0
2053,0.322,0.7664973892564908,0.0035026107435092158,0.4444973892564908,0.0,6.44149730536228,0.0
2054,0.322,0.83617897009799,0.0038210299020099425,0.5141789700979901,0.0,6.929967326955371,0.0
2055,0.995,0.759529231172341,0.0034707688276590654,0.0,0.23547076882765908,6.706270096569095,0.0
2056,0.422,0.8501152862662898,0.0038847137337101323,0.4281152862662898,0.0,7.11297961852207,0.0
2057,0.422,0.6550068599100922,0.0029931400899078087,0.2330068599100922,0.0,7.334336135436657,0.0
2058,2.422,0.250853691029397,0.0011463089706030272,0.0,2.1711463089706027,5.2717471419145845,0.0
2059,0.422,0.006968158084149917,3.184191585008274e-5,0.0,0.0,5.2717471419145845,0.4150318419158501
2060,0.495,0.0,0.0,0.0,0.0,5.2717471419145845,0.495
2061,0.422,0.0,0.0,0.0,0.0,5.2717471419145845,0.422
2062,0.422,0.0,0.0,0.0,0.422,4.8708471419145845,0.0
2063,0.422,0.0,0.0,0.0,0.0,4.8708471419145845,0.422
2064,0.322,0.0,0.0,0.0,0.322,4.564947141914584,0.0
2065,0.322,0.0,0.0,0.0,0.0,4.564947141914584,0.322
2066,0.322,0.0,0.0,0.0,0.0,4.564947141914584,0.322
2067,0.322,0.0,0.0,0.0,0.322,4.259047141914585,0.0
2068,0.322,0.0,0.0,0.0,0.0,4.259047141914585,0.322
2069,0.322,0.0,0.0,0.0,0.322,3.953147141914585,0.0
2070,0.322,0.0,0.0,0.0,0.0,3.953147141914585,0.322
2071,0.322,0.0,0.0,0.0,0.322,3.647247141914585,0.0
2072,0.395,0.09058605509394892,0.0004139449060510808,0.0,0.0,3.647247141914585,0.30441394490605117
2073,0.322,0.3205352718708962,0.0014647281291038095,0.0,0.0,3.647247141914585,0.0014647281291038335
2074,0.322,0.36234422037579567,0.0016557796242043232,0.040344220375795645,0.0,3.6855741512715903,0.0
2075,0.322,0.4598984335538945,0.0021015664461055406,0.13789843355389453,0.0,3.8165776631477906,0.0
2076,0.322,0.7664973892564908,0.0035026107435092158,0.4444973892564908,0.0,4.238850182941457,0.0
2077,0.322,2.2646513773487227,0.010348622651277228,1.9426513773487228,0.0,6.084368991422744,0.0
2078,0.322,2.459759803704921,0.011240196295079219,2.137759803704921,0.0,8.115240804942419,0.0
2079,0.995,1.65145346594353,0.007546534056469767,0.65645346594353,0.0,8.738871597588771,0.0
2080,0.422,0.8501152862662898,0.0038847137337101323,0.4281152862662898,0.0,9.145581119541747,0.0
2081,0.422,0.4459621173855947,0.0020378826144052953,0.02396211738559469,0.0,9.168345131058063,0.0
2082,2.422,0.334471588039196,0.0015284119608039992,0.0,0.0,9.168345131058063,2.087528411960804
2083,0.422,0.013936316168299835,6.368383170016548e-5,0.0,0.40806368383170016,8.780684631417946,0.0
2084,0.495,0.0,0.0,0.0,0.495,8.310434631417946,0.0
2085,0.422,0.0,0.0,0.0,0.422,7.909534631417947,0.0
2086,0.422,0.0,0.0,0.0,0.422,7.508634631417947,0.0
2087,0.422,0.0,0.0,0.0,0.0,7.508634631417947,0.422
2088,0.322,0.0,0.0,0.0,0.322,7.202734631417947,0.0
2089,0.322,0.0,0.0,0.0,0.0,7.202734631417947,0.322
2090,0.322,0.0,0.0,0.0,0.0,7.202734631417947,0.322
2091,0.322,0.0,0.0,0.0,0.322,6.8968346314179465,0.0
2092,0.322,0.0,0.0,0.0,0.0,6.8968346314179465,0.322
2093,0.322,0.0,0.0,0.0,0.0,6.8968346314179465,0.322
2094,0.322,0.0,0.0,0.0,0.0,6.8968346314179465,0.322
2095,0.322,0.0,0.0,0.0,0.0,6.8968346314179465,0.322
2096,0.395,0.0418089485048995,0.0001910514951004999,0.0,0.0,6.8968346314179465,0.3531910514951005
2097,0.322,0.18117211018789783,0.0008278898121021616,0.0,0.14082788981210217,6.763048136096449,0.0
2098,0.322,0.5086755401429439,0.0023244598570560937,0.1866755401429439,0.0,6.940389899232246,0.0
2099,0.322,0.5713889629002933,0.002611037099706781,0.2493889629002932,0.0,7.1773094139875235,0.0
2100,0.322,0.675911334162542,0.003088665837458038,0.35391133416254195,0.0,7.513525181441938,0.0
2101,0.322,1.0312873964541875,0.004712603545812488,0.7092873964541876,0.0,8.187348208073418,0.0
2102,0.322,0.7246884407515913,0.0033115592484086465,0.4026884407515913,0.0,8.569902226787429,0.0
2103,0.995,0.48777106589049424,0.002228934109505809,0.0,0.5072289341095056,8.0880347393834,0.0
2104,0.422,0.3762805365440955,0.001719463455904513,0.0,0.0,8.0880347393834,0.04571946345590448
2105,0.422,0.21601290060864742,0.0009870993913525805,0.0,0.20598709939135257,7.892346994961614,0.0
2106,2.422,0.06968158084149917,0.0003184191585008378,0.0,2.352318419158501,5.657644496761036,0.0
2107,0.422,0.0,0.0,0.0,0.422,5.256744496761036,0.0
2108,0.495,0.0,0.0,0.0,0.495,4.786494496761036,0.0
2109,0.422,0.0,0.0,0.0,0.0,4.786494496761036,0.422
2110,0.422,0.0,0.0,0.0,0.0,4.786494496761036,0.422
2111,0.422,0.0,0.0,0.0,0.422,4.385594496761036,0.0
2112,0.322,0.0,0.0,0.0,0.322,4.079694496761037,0.0
2113,0.322,0.0,0.0,0.0,0.0,4.079694496761037,0.322
2114,0.322,0.0,0.0,0.0,0.322,3.773794496761037,0.0
2115,0.322,0.0,0.0,0.0,0.322,3.4678944967610366,0.0
2116,0.322,0.0,0.0,0.0,0.322,3.1619944967610363,0.0
2117,0.322,0.0,0.0,0.0,0.322,2.8560944967610364,0.0
2118,0.322,0.0,0.0,0.0,0.0,2.8560944967610364,0.322
2119,0.322,0.013936316168299835,6.368383170016548e-5,0.0,0.0,2.8560944967610364,0.3080636838317002
2120,0.395,0.1254268455146985,0.0005731544853015136,0.0,0.2695731544853015,2.6,0.0
2121,0.322,0.2787263233659967,0.0012736766340033512,0.0,0.0,2.6,0.04327367663400331
2122,0.322,0.5435163305636935,0.0024836694363065126,0.22151633056369352,0.0,2.810440514035509,0.0
2123,0.322,1.0312873964541875,0.004712603545812488,0.7092873964541876,0.0,3.484263540666987,0.0
2124,0.322,1.4075679329982833,0.006432067001716835,1.0855679329982832,0.0,4.515553077015356,0.0
2125,0.322,1.3309181940726342,0.0060818059273657354,1.0089181940726342,0.0,5.474025361384358,0.0
2126,0.322,1.1427779258005866,0.005222074199413562,0.8207779258005864,0.0,6.253764390894915,0.0
2127,0.995,0.7177202826674414,0.003279717332558607,0.0,0.0,6.253764390894915,0.27727971733255863
2128,0.422,0.34143974612334593,0.001560253876654094,0.0,0.0,6.253764390894915,0.08056025387665404
2129,0.422,0.1602676359354481,0.0007323640645519047,0.0,0.2617323640645519,6.0051186450335905,0.0
2130,2.422,0.0418089485048995,0.0001910514951004999,0.0,0.0,6.0051186450335905,2.3801910514951006
2131,0.422,0.0,0.0,0.0,0.0,6.0051186450335905,0.422
2132,0.495,0.0,0.0,0.0,0.0,6.0051186450335905,0.495
2133,0.422,0.0,0.0,0.0,0.0,6.0051186450335905,0.422
2134,0.422,0.0,0.0,0.0,0.422,5.6042186450335905,0.0
2135,0.422,0.0,0.0,0.0,0.0,5.6042186450335905,0.422
2136,0.322,0.0,0.0,0.0,0.322,5.29831864503359,0.0
2137,0.322,0.0,0.0,0.0,0.0,5.29831864503359,0.322
2138,0.322,0.0,0.0,0.0,0.322,4.99241864503359,0.0
2139,0.322,0.0,0.0,0.0,0.0,4.99241864503359,0.322
2140,0.322,0.0,0.0,0.0,0.322,4.68651864503359,0.0
2141,0.322,0.0,0.0,0.0,0.0,4.68651864503359,0.322
2142,0.322,0.0,0.0,0.0,0.0,4.68651864503359,0.322
2143,0.322,0.0,0.0,0.0,0.0,4.68651864503359,0.322
2144,0.395,0.09058605509394892,0.0004139449060510808,0.0,0.30441394490605117,4.397325397372841,0.0
2145,0.322,0.22994921677694724,0.0010507832230527703,0.0,0.09205078322305274,4.309877153310941,0.0
2146,0.322,0.35537606229164576,0.0016239377083542283,0.03337606229164572,0.0,4.341584412488004,0.0
2147,0.322,0.43202580121729484,0.001974198782705161,0.11002580121729483,0.0,4.4461089236444336,0.0
2148,0.322,0.5713889629002933,0.002611037099706781,0.2493889629002932,0.0,4.683028438399711,0.0
2149,0.322,0.7177202826674414,0.003279717332558607,0.39572028266744136,0.0,5.058962706933782,0.0
2150,0.322,0.7316565988357412,0.003343401164258797,0.4096565988357412,0.0,5.448136475827735,0.0
2151,0.995,0.7943700215930906,0.0036299784069094843,0.0,0.0,5.448136475827735,0.20062997840690946
2152,0.422,0.6550068599100922,0.0029931400899078087,0.2330068599100922,0.0,5.669492992742322,0.0
2153,0.422,0.4250576431331449,0.0019423568668550661,0.003057643133144921,0.0,5.672397753718809,0.0
2154,2.422,0.2020765844403476,0.0009234155596524185,0.0,0.9171138546191581,4.801139591830612,1.3028095609404944
2155,0.422,0.013936316168299835,6.368383170016548e-5,0.0,0.0,4.801139591830612,0.40806368383170016
2156,0.495,0.0,0.0,0.0,0.0,4.801139591830612,0.495
2157,0.422,0.0,0.0,0.0,0.0,4.801139591830612,0.422
2158,0.422,0.0,0.0,0.0,0.422,4.400239591830613,0.0
2159,0.422,0.0,0.0,0.0,0.0,4.400239591830613,0.422
2160,0.322,0.0,0.0,0.0,0.0,4.400239591830613,0.322
2161,0.322,0.0,0.0,0.0,0.322,4.094339591830613,0.0
2162,0.322,0.0,0.0,0.0,0.0,4.094339591830613,0.322
2163,0.322,0.0,0.0,0.0,0.0,4.094339591830613,0.322
2164,0.322,0.0,0.0,0.0,0.0,4.094339591830613,0.322
2165,0.322,0.0,0.0,0.0,0.0,4.094339591830613,0.322
2166,0.322,0.0,0.0,0.0,0.0,4.094339591830613,0.322
2167,0.322,0.013936316168299835,6.368383170016548e-5,0.0,0.0,4.094339591830613,0.3080636838317002
2168,0.395,0.10452237126224875,0.0004776287377512428,0.0,0.29047762873775124,3.818385844529749,0.0
2169,0.322,0.2578218491135469,0.001178150886453122,0.0,0.06417815088645308,3.7574166011876184,0.0
2170,0.322,0.4668665916380444,0.0021334083619556354,0.14486659163804438,0.0,3.89503986324376,0.0
2171,0.322,0.6619750179942421,0.003024982005757959,0.3399750179942421,0.0,4.218016130338291,0.0
2172,0.322,0.8919242347711894,0.0040757652288105906,0.5699242347711895,0.0,4.759444153370921,0.0
2173,0.322,0.9894784479492881,0.004521552050711808,0.6674784479492881,0.0,5.393548678922745,0.0
2174,0.322,0.9964466060334379,0.004553393966561958,0.6744466060334379,0.0,6.034272954654511,0.0
2175,0.995,0.9685739736968385,0.004426026303161579,0.0,0.0,6.034272954654511,0.026426026303161494
2176,0.422,0.7734655473406408,0.003534452659359255,0.3514655473406408,0.0,6.368165224628118,0.0
2177,0.422,0.5644208048161433,0.0025791951838567417,0.14242080481614333,0.0,6.503464989203454,0.0
2178,2.422,0.28569448145014664,0.0013055185498533906,0.0,2.136305518549854,4.473974746581094,0.0
2179,0.422,0.034840790420749584,0.0001592095792504189,0.0,0.0,4.473974746581094,0.3871592095792504
2180,0.495,0.0,0.0,0.0,0.495,4.003724746581094,0.0
2181,0.422,0.0,0.0,0.0,0.0,4.003724746581094,0.422
2182,0.422,0.0,0.0,0.0,0.0,4.003724746581094,0.422
2183,0.422,0.0,0.0,0.0,0.0,4.003724746581094,0.422
2184,0.322,0.0,0.0,0.0,0.0,4.003724746581094,0.322
2185,0.322,0.0,0.0,0.0,0.322,3.697824746581094,0.0
2186,0.322,0.0,0.0,0.0,0.322,3.391924746581094,0.0
2187,0.322,0.0,0.0,0.0,0.0,3.391924746581094,0.322
2188,0.322,0.0,0.0,0.0,0.322,3.0860247465810944,0.0
2189,0.322,0.0,0.0,0.0,0.322,2.780124746581094,0.0
2190,0.322,0.0,0.0,0.0,0.0,2.780124746581094,0.322
2191,0.322,0.1323950035988484,0.0006049964011516085,0.0,0.1896049964011516,2.6,0.0
2192,0.395,0.8640516024345897,0.003948397565410322,0.46905160243458965,0.0,3.04559902231286,0.0
2193,0.322,1.519058462344682,0.006941537655318131,1.1970584623446818,0.0,4.1828045615403076,0.0
2194,0.322,0.5114960570512129,0.8325039429487872,0.18949605705121297,0.0,4.36282581573896,0.0
2195,0.322,1.1915550323896358,0.005444967610364282,0.8695550323896358,0.0,5.188903096509113,0.0
2196,0.322,1.3727271425775336,0.006272857422466416,1.0507271425775335,0.0,6.187093881957772,0.0
2197,0.322,0.322,1.267,0.0,0.0,6.187093881957772,0.0
2198,0.322,1.7490076791216291,0.007992320878370984,1.427007679121629,0.0,7.542751177123319,0.0
2199,0.995,0.995,0.7620000000000001,0.0,0.0,7.542751177123319,0.0
2200,0.422,1.344854510240934,0.006145489759066036,0.922854510240934,0.0,8.419462961852206,0.0
2201,0.422,0.8710197605187396,0.003980239481260361,0.4490197605187396,0.0,8.846031734345008,0.0
2202,2.422,0.418089485048995,0.0019105149510049713,0.0,2.0039105149510053,6.9423167451415555,0.0
2203,0.422,0.05574526467319934,0.0002547353268006619,0.0,0.3662547353268007,6.594374746581094,0.0
2204,0.495,0.0,0.0,0.0,0.495,6.124124746581094,0.0
2205,0.422,0.0,0.0,0.0,0.422,5.723224746581094,0.0
2206,0.422,0.0,0.0,0.0,0.422,5.322324746581094,0.0
2207,0.422,0.0,0.0,0.0,0.422,4.921424746581094,0.0
2208,0.322,0.0,0.0,0.0,0.322,4.615524746581094,0.0
2209,0.322,0.0,0.0,0.0,0.322,4.309624746581093,0.0
2210,0.322,0.0,0.0,0.0,0.322,4.003724746581093,0.0
2211,0.322,0.0,0.0,0.0,0.322,3.6978247465810936,0.0
2212,0.322,0.0,0.0,0.0,0.322,3.3919247465810938,0.0
2213,0.322,0.0,0.0,0.0,0.322,3.086024746581094,0.0
2214,0.322,0.0,0.0,0.0,0.322,2.780124746581094,0.0
2215,0.322,0.1323950035988484,0.0006049964011516085,0.0,0.1896049964011516,2.6,0.0
2216,0.395,0.752561073088191,0.003438926911809026,0.35756107308819096,0.0,2.9396830194337813,0.0
2217,0.322,1.7908166276265285,0.008183372373471443,1.4688166276265284,0.0,4.335058815678984,0.0
2218,0.322,0.322,2.7439999999999998,0.0,0.0,4.335058815678984,0.0
2219,0.322,0.322,3.976,0.0,0.0,4.335058815678984,0.0
2220,0.322,0.322,4.704,0.0,0.0,4.335058815678984,0.0
2221,0.322,0.322,4.879,0.0,0.0,4.335058815678984,0.0
2222,0.322,2.922,2.0479999999999996,2.6,0.0,6.805058815678984,0.0
2223,0.995,3.595,0.7519999999999993,2.6,0.0,9.275058815678983,0.0
2224,0.422,0.9147249911607236,2.3752750088392762,0.4927249911607237,0.0,9.743147557281672,0.0
2225,0.422,0.422,1.3910000000000002,0.0,0.0,9.743147557281672,0.0
2226,2.422,0.5086755401429439,0.0023244598570560937,0.0,1.913324459857056,7.925489320417469,0.0
2227,0.422,0.048777106589049414,0.00022289341095058784,0.0,0.37322289341095055,7.570927571677066,0.0
2228,0.495,0.0,0.0,0.0,0.495,7.100677571677066,0.0
2229,0.422,0.0,0.0,0.0,0.422,6.699777571677066,0.0
2230,0.422,0.0,0.0,0.0,0.422,6.298877571677066,0.0
2231,0.422,0.0,0.0,0.0,0.422,5.897977571677066,0.0
2232,0.322,0.0,0.0,0.0,0.322,5.592077571677065,0.0
2233,0.322,0.0,0.0,0.0,0.322,5.286177571677065,0.0
2234,0.322,0.0,0.0,0.0,0.322,4.980277571677065,0.0
2235,0.322,0.0,0.0,0.0,0.322,4.674377571677065,0.0
2236,0.322,0.0,0.0,0.0,0.322,4.368477571677064,0.0
2237,0.322,0.0,0.0,0.0,0.322,4.062577571677064,0.0
2238,0.322,0.0,0.0,0.0,0.322,3.756677571677064,0.0
2239,0.322,0.13936316168299834,0.0006368383170016756,0.0,0.18263683831700167,3.5831725752759125,0.0
2240,0.395,0.395,0.19300000000000006,0.0,0.0,3.5831725752759125,0.0
2241,0.322,0.322,1.05,0.0,0.0,3.5831725752759125,0.0
2242,0.322,0.322,2.317,0.0,0.0,3.5831725752759125,0.0
2243,0.322,0.322,3.5280000000000005,0.0,0.0,3.5831725752759125,0.0
2244,0.322,2.922,1.677,2.6,0.0,6.053172575275912,0.0
2245,0.322,2.922,2.02,2.6,0.0,8.523172575275911,0.0
2246,0.322,0.322,4.102,0.0,0.0,8.523172575275911,0.0
2247,0.995,0.995,2.484,0.0,0.0,8.523172575275911,0.0
2248,0.422,0.422,1.776,0.0,0.0,8.523172575275911,0.0
2249,0.422,1.3657589844933837,0.006241015506616376,0.9437589844933838,0.0,9.419743610544627,0.0
2250,2.422,0.6062297533210428,0.0027702466789572,0.0,1.8157702466789576,7.694761876199617,0.0
2251,0.422,0.083617897009799,0.0003821029902009998,0.0,0.338382102990201,7.373298878358925,0.0
2252,0.495,0.0,0.0,0.0,0.495,6.903048878358925,0.0
2253,0.422,0.0,0.0,0.0,0.422,6.502148878358925,0.0
2254,0.422,0.0,0.0,0.0,0.422,6.101248878358925,0.0
2255,0.422,0.0,0.0,0.0,0.422,5.700348878358925,0.0
2256,0.322,0.0,0.0,0.0,0.322,5.394448878358925,0.0
2257,0.322,0.0,0.0,0.0,0.322,5.0885488783589246,0.0
2258,0.322,0.0,0.0,0.0,0.322,4.782648878358924,0.0
2259,0.322,0.0,0.0,0.0,0.322,4.476748878358924,0.0
2260,0.322,0.0,0.0,0.0,0.322,4.170848878358924,0.0
2261,0.322,0.0,0.0,0.0,0.322,3.8649488783589234,0.0
2262,0.322,0.0,0.0,0.0,0.322,3.5590488783589236,0.0
2263,0.322,0.18814026827204774,0.0008597317279522565,0.0,0.13385973172795226,3.431882133217369,0.0
2264,0.395,1.1706505581371862,0.005349441862813942,0.7756505581371861,0.0,4.168750163447696,0.0
2265,0.322,0.322,2.1559999999999997,0.0,0.0,4.168750163447696,0.0
2266,0.322,0.322,3.311,0.0,0.0,4.168750163447696,0.0
2267,0.322,0.322,4.228,0.0,0.0,4.168750163447696,0.0
2268,0.322,0.322,4.697,0.0,0.0,4.168750163447696,0.0
2269,0.322,0.322,4.809,0.0,0.0,4.168750163447696,0.0
2270,0.322,0.322,4.592,0.0,0.0,4.168750163447696,0.0
2271,0.995,0.995,3.317,0.0,0.0,4.168750163447696,0.0
2272,0.422,3.0220000000000002,0.3729999999999998,2.6,0.0,6.638750163447696,0.0
2273,0.422,2.174065322254774,0.00993467774522605,1.7520653222547744,0.0,8.303212219589732,0.0
2274,2.422,0.8919242347711894,0.0040757652288105906,0.0,1.5300757652288108,6.84964024262236,0.0
2275,0.422,0.09058605509394892,0.0004139449060510808,0.0,0.3314139449060511,6.534796994961614,0.0
2276,0.495,0.0,0.0,0.0,0.495,6.0645469949616135,0.0
2277,0.422,0.0,0.0,0.0,0.422,5.6636469949616135,0.0
2278,0.422,0.0,0.0,0.0,0.422,5.2627469949616135,0.0
2279,0.422,0.0,0.0,0.0,0.422,4.861846994961613,0.0
2280,0.322,0.0,0.0,0.0,0.322,4.555946994961613,0.0
2281,0.322,0.0,0.0,0.0,0.322,4.250046994961613,0.0
2282,0.322,0.0,0.0,0.0,0.322,3.9441469949616113,0.0
2283,0.322,0.0,0.0,0.0,0.322,3.6382469949616114,0.0
2284,0.322,0.0,0.0,0.0,0.322,3.3323469949616116,0.0
2285,0.322,0.0,0.0,0.0,0.322,3.0264469949616117,0.0
2286,0.322,0.0,0.0,0.0,0.322,2.720546994961612,0.0
2287,0.322,0.19510842635619766,0.0008915736438023514,0.0,0.12689157364380235,2.6,0.0
2288,0.395,0.395,0.473,0.0,0.0,2.6,0.0
2289,0.322,1.7420395210374793,0.007960478962520723,1.4200395210374792,0.0,3.9490375449856048,0.0
2290,0.322,0.322,2.2329999999999997,0.0,0.0,3.9490375449856048,0.0
2291,0.322,0.322,2.926,0.0,0.0,3.9490375449856048,0.0
2292,0.322,0.322,3.5210000000000004,0.0,0.0,3.9490375449856048,0.0
2293,0.322,2.3001035110869763,1.6618964889130234,1.9781035110869762,0.0,5.828235880518232,0.0
2294,0.322,0.322,3.6329999999999996,0.0,0.0,5.828235880518232,0.0
2295,0.995,0.995,2.246,0.0,0.0,5.828235880518232,0.0
2296,0.422,2.243746903096273,0.010253096903726888,1.8217469030962732,0.0,7.558895438459692,0.0
2297,0.422,1.4772495138397823,0.0067504861602176724,1.0552495138397824,0.0,8.561382476607484,0.0
2298,2.422,0.6480387018259423,0.0029612981740577693,0.0,1.773961298174058,6.876119243342131,0.0
2299,0.422,0.09755421317809883,0.0004457868219011757,0.0,0.3244457868219011,6.567895745861324,0.0
2300,0.495,0.0,0.0,0.0,0.495,6.097645745861324,0.0
2301,0.422,0.0,0.0,0.0,0.422,5.696745745861324,0.0
2302,0.422,0.0,0.0,0.0,0.422,5.295845745861324,0.0
2303,0.422,0.0,0.0,0.0,0.422,4.894945745861324,0.0
2304,0.322,0.0,0.0,0.0,0.322,4.589045745861323,0.0
2305,0.322,0.0,0.0,0.0,0.322,4.283145745861323,0.0
2306,0.322,0.0,0.0,0.0,0.322,3.9772457458613237,0.0
2307,0.322,0.0,0.0,0.0,0.322,3.671345745861324,0.0
2308,0.322,0.0,0.0,0.0,0.322,3.365445745861324,0.0
2309,0.322,0.0,0.0,0.0,0.322,3.059545745861324,0.0
2310,0.322,0.0,0.0,0.0,0.322,2.7536457458613244,0.0
2311,0.322,0.1602676359354481,0.0007323640645519047,0.0,0.1617323640645519,2.6,0.0
2312,0.395,0.5188427350616215,0.13215726493837854,0.1238427350616214,0.0,2.71765059830854,0.0
2313,0.322,0.322,0.938,0.0,0.0,2.71765059830854,0.0
2314,0.322,0.322,2.114,0.0,0.0,2.71765059830854,0.0
2315,0.322,0.322,2.401,0.0,0.0,2.71765059830854,0.0
2316,0.322,2.922,0.3540000000000001,2.6,0.0,5.18765059830854,0.0
2317,0.322,0.322,3.262,0.0,0.0,5.18765059830854,0.0
2318,0.322,0.322,3.6399999999999997,0.0,0.0,5.18765059830854,0.0
2319,0.995,3.32381140613951,0.015188593860489874,2.32881140613951,0.0,7.400021434141074,0.0
2320,0.422,0.422,2.0559999999999996,0.0,0.0,7.400021434141074,0.0
2321,0.422,1.4075679329982833,0.006432067001716835,0.9855679329982834,0.0,8.336310970489444,0.0
2322,2.422,0.7664973892564908,0.0035026107435092158,0.0,1.6555026107435094,6.763583490283109,0.0
2323,0.422,0.1254268455146985,0.0005731544853015136,0.0,0.29657315448530147,6.481838993522073,0.0
2324,0.495,0.0,0.0,0.0,0.495,6.011588993522073,0.0
2325,0.422,0.0,0.0,0.0,0.422,5.610688993522073,0.0
2326,0.422,0.0,0.0,0.0,0.422,5.209788993522073,0.0
2327,0.422,0.0,0.0,0.0,0.422,4.808888993522073,0.0
2328,0.322,0.0,0.0,0.0,0.322,4.502988993522073,0.0
2329,0.322,0.0,0.0,0.0,0.322,4.1970889935220725,0.0
2330,0.322,0.0,0.0,0.0,0.322,3.8911889935220723,0.0
2331,0.322,0.0,0.0,0.0,0.322,3.5852889935220724,0.0
2332,0.322,0.0,0.0,0.0,0.322,3.2793889935220726,0.0
2333,0.322,0.0,0.0,0.0,0.322,2.9734889935220727,0.0
2334,0.322,0.0,0.0,0.0,0.322,2.667588993522073,0.0
2335,0.322,0.250853691029397,0.0011463089706030272,0.0,0.071146308970603,2.6,0.0
2336,0.395,0.395,1.075,0.0,0.0,2.6,0.0
2337,0.322,1.470185926293059,1.3018140737069412,1.148185926293059,0.0,3.690776629978406,0.0
2338,0.322,2.922,0.7669999999999999,2.6,0.0,6.160776629978405,0.0
2339,0.322,0.322,3.7939999999999996,0.0,0.0,6.160776629978405,0.0
2340,0.322,0.322,3.8149999999999995,0.0,0.0,6.160776629978405,0.0
2341,0.322,0.322,3.479,0.0,0.0,6.160776629978405,0.0
2342,0.322,2.922,0.5499999999999998,2.6,0.0,8.630776629978406,0.0
2343,0.995,3.107798505530863,0.0142014944691371,2.1127985055308627,0.0,10.637935210232726,0.0
2344,0.422,0.422,1.986,0.0,0.0,10.637935210232726,0.0
2345,0.422,1.5399629365971315,0.007037063402868471,1.1179629365971315,0.0,11.7,0.0
2346,2.422,0.6480387018259423,0.0029612981740577693,0.0,1.773961298174058,10.014736766734647,0.0
2347,0.422,0.11149052934639868,0.0005094706536013238,0.0,0.3105094706536013,9.719752769613725,0.0
2348,0.495,0.0,0.0,0.0,0.495,9.249502769613725,0.0
2349,0.422,0.0,0.0,0.0,0.422,8.848602769613725,0.0
2350,0.422,0.0,0.0,0.0,0.422,8.447702769613725,0.0
2351,0.422,0.0,0.0,0.0,0.422,8.046802769613725,0.0
2352,0.322,0.0,0.0,0.0,0.322,7.740902769613724,0.0
2353,0.322,0.0,0.0,0.0,0.322,7.435002769613724,0.0
2354,0.322,0.0,0.0,0.0,0.322,7.1291027696137235,0.0
2355,0.322,0.0,0.0,0.0,0.322,6.823202769613723,0.0
2356,0.322,0.0,0.0,0.0,0.322,6.517302769613723,0.0
2357,0.322,0.0,0.0,0.0,0.322,6.211402769613723,0.0
2358,0.322,0.0,0.0,0.0,0.322,5.905502769613722,0.0
2359,0.322,0.18117211018789783,0.0008278898121021616,0.0,0.14082788981210217,5.771716274292226,0.0
2360,0.395,0.6968158084149917,0.003184191585008378,0.3018158084149917,0.0,6.058441292286468,0.0
2361,0.322,0.322,1.071,0.0,0.0,6.058441292286468,0.0
2362,0.322,1.9232116312253773,0.008788368774622857,1.6012116312253772,0.0,7.579592341950577,0.0
2363,0.322,2.922,0.1719999999999997,2.6,0.0,10.049592341950577,0.0
2364,0.322,0.322,3.402,0.0,0.0,10.049592341950577,0.0
2365,0.322,0.322,3.7799999999999994,0.0,0.0,10.049592341950577,0.0
2366,0.322,0.322,3.934,0.0,0.0,10.049592341950577,0.0
2367,0.995,0.995,3.1979999999999995,0.0,0.0,10.049592341950577,0.0
2368,0.422,0.422,3.19,0.0,0.0,10.049592341950577,0.0
2369,0.422,0.422,2.0839999999999996,0.0,0.0,10.049592341950577,0.0
2370,2.422,1.1427779258005866,0.005222074199413562,0.0,1.2792220741994136,8.834331371461134,0.0
2371,0.422,0.13936316168299834,0.0006368383170016756,0.0,0.28263683831700165,8.565826375059983,0.0
2372,0.495,0.0,0.0,0.0,0.495,8.095576375059983,0.0
2373,0.422,0.0,0.0,0.0,0.422,7.6946763750599825,0.0
2374,0.422,0.0,0.0,0.0,0.422,7.293776375059982,0.0
2375,0.422,0.0,0.0,0.0,0.422,6.892876375059982,0.0
2376,0.322,0.0,0.0,0.0,0.322,6.586976375059982,0.0
2377,0.322,0.0,0.0,0.0,0.322,6.281076375059982,0.0
2378,0.322,0.0,0.0,0.0,0.322,5.975176375059982,0.0
2379,0.322,0.0,0.0,0.0,0.322,5.669276375059981,0.0
2380,0.322,0.0,0.0,0.0,0.322,5.363376375059981,0.0
2381,0.322,0.0,0.0,0.0,0.322,5.057476375059981,0.0
2382,0.322,0.013936316168299835,6.368383170016548e-5,0.0,0.3080636838317002,4.764815875419865,0.0
2383,0.322,0.2647900071976968,0.001209992802303217,0.0,0.057209992802303156,4.710466382257676,0.0
2384,0.395,0.395,0.9139999999999999,0.0,0.0,4.710466382257676,0.0
2385,0.322,1.07181192229013,1.46218807770987,0.7498119222901299,0.0,5.422787708433301,0.0
2386,0.322,0.322,3.3600000000000003,0.0,0.0,5.422787708433301,0.0
2387,0.322,2.922,1.6560000000000001,2.6,0.0,7.892787708433301,0.0
2388,0.322,0.322,4.97,0.0,0.0,7.892787708433301,0.0
2389,0.322,0.322,5.306,0.0,0.0,7.892787708433301,0.0
2390,0.322,0.322,5.152,0.0,0.0,7.892787708433301,0.0
2391,0.995,0.995,3.8979999999999997,0.0,0.0,7.892787708433301,0.0
2392,0.422,0.422,3.5189999999999997,0.0,0.0,7.892787708433301,0.0
2393,0.422,0.422,2.231,0.0,0.0,7.892787708433301,0.0
2394,2.422,1.1845868743054861,0.0054131256945140205,0.0,1.237413125694514,6.717245239023512,0.0
2395,0.422,0.1254268455146985,0.0005731544853015136,0.0,0.29657315448530147,6.435500742262476,0.0
2396,0.495,0.0,0.0,0.0,0.495,5.965250742262476,0.0
2397,0.422,0.0,0.0,0.0,0.422,5.564350742262476,0.0
2398,0.422,0.0,0.0,0.0,0.422,5.163450742262476,0.0
2399,0.422,0.0,0.0,0.0,0.422,4.7625507422624755,0.0
2400,0.322,0.0,0.0,0.0,0.322,4.456650742262475,0.0
2401,0.322,0.0,0.0,0.0,0.322,4.150750742262475,0.0
2402,0.322,0.0,0.0,0.0,0.322,3.8448507422624756,0.0
2403,0.322,0.0,0.0,0.0,0.322,3.5389507422624757,0.0
2404,0.322,0.0,0.0,0.0,0.322,3.233050742262476,0.0
2405,0.322,0.0,0.0,0.0,0.322,2.927150742262476,0.0
2406,0.322,0.013936316168299835,6.368383170016548e-5,0.0,0.3080636838317002,2.6344902426223604,0.0
2407,0.322,0.28569448145014664,0.0013055185498533906,0.0,0.03630551854985334,2.6,0.0
2408,0.395,1.67235794019598,0.007642059804019885,1.27735794019598,0.0,3.8134900431861807,0.0
2409,0.322,0.322,2.842,0.0,0.0,3.8134900431861807,0.0
2410,0.322,0.322,4.039,0.0,0.0,3.8134900431861807,0.0
2411,0.322,2.015997542365389,3.178002457634611,1.6939975423653892,0.0,5.422787708433301,0.0
2412,0.322,0.322,5.3340000000000005,0.0,0.0,5.422787708433301,0.0
2413,0.322,2.922,2.8319999999999994,2.6,0.0,7.892787708433301,0.0
2414,0.322,0.322,5.194,0.0,0.0,7.892787708433301,0.0
2415,0.995,0.995,3.9259999999999993,0.0,0.0,7.892787708433301,0.0
2416,0.422,0.422,3.5399999999999996,0.0,0.0,7.892787708433301,0.0
2417,0.422,0.422,2.21,0.0,0.0,7.892787708433301,0.0
2418,2.422,1.1636824000530361,0.005317599946963902,0.0,1.258317599946964,6.697385988483685,0.0
2419,0.422,0.1323950035988484,0.0006049964011516085,0.0,0.28960499640115156,6.422261241902591,0.0
2420,0.495,0.0,0.0,0.0,0.495,5.952011241902591,0.0
2421,0.422,0.0,0.0,0.0,0.422,5.551111241902591,0.0
2422,0.422,0.0,0.0,0.0,0.422,5.150211241902591,0.0
2423,0.422,0.0,0.0,0.0,0.422,4.749311241902591,0.0
2424,0.322,0.0,0.0,0.0,0.322,4.443411241902591,0.0
2425,0.322,0.0,0.0,0.0,0.322,4.13751124190259,0.0
2426,0.322,0.0,0.0,0.0,0.322,3.831611241902591,0.0
2427,0.322,0.0,0.0,0.0,0.322,3.525711241902591,0.0
2428,0.322,0.0,0.0,0.0,0.322,3.2198112419025913,0.0
2429,0.322,0.0,0.0,0.0,0.322,2.9139112419025914,0.0
2430,0.322,0.02090447425244975,9.552574755024995e-5,0.0,0.3010955257475502,2.6278704924424185,0.0
2431,0.322,0.29266263953429655,0.0013373604657034854,0.0,0.02933736046570347,2.6,0.0
2432,0.395,0.395,1.257,0.0,0.0,2.6,0.0
2433,0.322,2.922,0.17899999999999983,2.6,0.0,5.07,0.0
2434,0.322,0.322,3.9619999999999997,0.0,0.0,5.07,0.0
2435,0.322,0.322,4.787999999999999,0.0,0.0,5.07,0.0
2436,0.322,0.322,5.25,0.0,0.0,5.07,0.0
2437,0.322,0.322,5.355,0.0,0.0,5.07,0.0
2438,0.322,0.322,5.117,0.0,0.0,5.07,0.0
2439,0.995,1.6916783039953525,3.1593216960046475,0.6966783039953525,0.0,5.731844388795585,0.0
2440,0.422,0.422,3.4840000000000004,0.0,0.0,5.731844388795585,0.0
2441,0.422,2.6339637558086686,0.012036244191331313,2.2119637558086684,0.0,7.83320995681382,0.0
2442,2.422,1.1985231904737856,0.005476809526214321,0.0,1.2234768095262145,6.6709069877639156,0.0
2443,0.422,0.13936316168299834,0.0006368383170016756,0.0,0.28263683831700165,6.402401991362764,0.0
2444,0.495,0.0,0.0,0.0,0.495,5.932151991362764,0.0
2445,0.422,0.0,0.0,0.0,0.422,5.531251991362764,0.0
2446,0.422,0.0,0.0,0.0,0.422,5.1303519913627635,0.0
2447,0.422,0.0,0.0,0.0,0.422,4.7294519913627635,0.0
2448,0.322,0.0,0.0,0.0,0.322,4.423551991362763,0.0
2449,0.322,0.0,0.0,0.0,0.322,4.117651991362763,0.0
2450,0.322,0.0,0.0,0.0,0.322,3.8117519913627635,0.0
2451,0.322,0.0,0.0,0.0,0.322,3.5058519913627637,0.0
2452,0.322,0.0,0.0,0.0,0.322,3.199951991362764,0.0
2453,0.322,0.0,0.0,0.0,0.322,2.894051991362764,0.0
2454,0.322,0.02787263233659967,0.00012736766340033095,0.0,0.2941273676634003,2.614630992082534,0.0
2455,0.322,0.3065989557025963,0.0014010442974036752,0.0,0.01540104429740368,2.6,0.0
2456,0.395,0.395,1.215,0.0,0.0,2.6,0.0
2457,0.322,0.322,2.73,0.0,0.0,2.6,0.0
2458,0.322,2.922,1.3059999999999996,2.6,0.0,5.07,0.0
2459,0.322,2.922,2.1249999999999996,2.6,0.0,7.54,0.0
2460,0.322,0.322,5.187,0.0,0.0,7.54,0.0
2461,0.322,0.322,5.292000000000001,0.0,0.0,7.54,0.0
2462,0.322,2.922,2.454,2.6,0.0,10.01,0.0
2463,0.995,0.995,3.8070000000000004,0.0,0.0,10.01,0.0
2464,0.422,0.422,3.4490000000000003,0.0,0.0,10.01,0.0
2465,0.422,0.422,2.203,0.0,0.0,10.01,0.0
2466,2.422,1.1985231904737856,0.005476809526214321,0.0,1.2234768095262145,8.847697030950098,0.0
2467,0.422,0.14633131976714828,0.0006686802328517427,0.0,0.2756686802328517,8.585811784728886,0.0
2468,0.495,0.0,0.0,0.0,0.495,8.115561784728886,0.0
2469,0.422,0.0,0.0,0.0,0.422,7.714661784728887,0.0
2470,0.422,0.0,0.0,0.0,0.422,7.313761784728887,0.0
2471,0.422,0.0,0.0,0.0,0.422,6.912861784728887,0.0
2472,0.322,0.0,0.0,0.0,0.322,6.606961784728887,0.0
2473,0.322,0.0,0.0,0.0,0.322,6.301061784728886,0.0
2474,0.322,0.0,0.0,0.0,0.322,5.995161784728887,0.0
2475,0.322,0.0,0.0,0.0,0.322,5.6892617847288856,0.0
2476,0.322,0.0,0.0,0.0,0.322,5.383361784728886,0.0
2477,0.322,0.0,0.0,0.0,0.322,5.077461784728885,0.0
2478,0.322,0.02787263233659967,0.00012736766340033095,0.0,0.2941273676634003,4.798040785448656,0.0
2479,0.322,0.31356711378674623,0.00143288621325377,0.0,0.008432886213253757,4.790029543546065,0.0
2480,0.395,0.395,1.2919999999999998,0.0,0.0,4.790029543546065,0.0
2481,0.322,0.322,2.8,0.0,0.0,4.790029543546065,0.0
2482,0.322,0.322,3.955,0.0,0.0,4.790029543546065,0.0
2483,0.322,0.8751059687215875,4.192894031278412,0.5531059687215875,0.0,5.315480213831573,0.0
2484,0.322,2.922,2.594,2.6,0.0,7.785480213831573,0.0
2485,0.322,0.322,5.292000000000001,0.0,0.0,7.785480213831573,0.0
2486,0.322,0.322,5.047,0.0,0.0,7.785480213831573,0.0
2487,0.995,0.995,3.8,0.0,0.0,7.785480213831573,0.0
2488,0.422,0.422,3.456,0.0,0.0,7.785480213831573,0.0
2489,0.422,0.422,2.217,0.0,0.0,7.785480213831573,0.0
2490,2.422,1.2124595066420856,0.0055404933579144,0.0,1.2095404933579146,6.636416745141555,0.0
2491,0.422,0.13936316168299834,0.0006368383170016756,0.0,0.28263683831700165,6.367911748740403,0.0
2492,0.495,0.006968158084149917,3.184191585008274e-5,0.0,0.4880318419158501,5.904281498920346,0.0
2493,0.422,0.0,0.0,0.0,0.422,5.503381498920346,0.0
2494,0.422,0.0,0.0,0.0,0.422,5.102481498920346,0.0
2495,0.422,0.0,0.0,0.0,0.422,4.701581498920346,0.0
2496,0.322,0.0,0.0,0.0,0.322,4.395681498920346,0.0
2497,0.322,0.0,0.0,0.0,0.322,4.089781498920345,0.0
2498,0.322,0.0,0.0,0.0,0.322,3.783881498920345,0.0
2499,0.322,0.0,0.0,0.0,0.322,3.4779814989203452,0.0
2500,0.322,0.0,0.0,0.0,0.322,3.1720814989203454,0.0
2501,0.322,0.0,0.0,0.0,0.322,2.8661814989203456,0.0
2502,0.322,0.0418089485048995,0.0001910514951004999,0.0,0.2801910514951005,2.6,0.0
2503,0.322,0.322,0.007000000000000006,0.0,0.0,2.6,0.0
2504,0.395,0.395,1.306,0.0,0.0,2.6,0.0
2505,0.322,0.322,2.807,0.0,0.0,2.6,0.0
2506,0.322,0.322,3.9479999999999995,0.0,0.0,2.6,0.0
2507,0.322,2.3175386450020232,2.757461354997977,1.995538645002023,0.0,4.4957617127519205,0.0
2508,0.322,0.322,5.194,0.0,0.0,4.4957617127519205,0.0
2509,0.322,2.922,2.685,2.6,0.0,6.965761712751921,0.0
2510,0.322,2.922,2.4259999999999997,2.6,0.0,9.435761712751923,0.0
2511,0.995,0.995,3.758,0.0,0.0,9.435761712751923,0.0
2512,0.422,0.422,3.463,0.0,0.0,9.435761712751923,0.0
2513,0.422,0.422,2.231,0.0,0.0,9.435761712751923,0.0
2514,2.422,1.2333639808945351,0.00563601910546474,0.0,1.188636019105465,8.30655749460173,0.0
2515,0.422,0.14633131976714828,0.0006686802328517427,0.0,0.2756686802328517,8.04467224838052,0.0
2516,0.495,0.006968158084149917,3.184191585008274e-5,0.0,0.4880318419158501,7.581041998560462,0.0
2517,0.422,0.0,0.0,0.0,0.422,7.180141998560462,0.0
2518,0.422,0.0,0.0,0.0,0.422,6.779241998560462,0.0
2519,0.422,0.0,0.0,0.0,0.422,6.378341998560462,0.0
2520,0.322,0.0,0.0,0.0,0.322,6.072441998560461,0.0
2521,0.322,0.0,0.0,0.0,0.322,5.766541998560461,0.0
2522,0.322,0.0,0.0,0.0,0.322,5.460641998560461,0.0
2523,0.322,0.0,0.0,0.0,0.322,5.154741998560461,0.0
2524,0.322,0.0,0.0,0.0,0.322,4.84884199856046,0.0
2525,0.322,0.0,0.0,0.0,0.322,4.54294199856046,0.0
2526,0.322,0.05574526467319934,0.0002547353268006619,0.0,0.2662547353268007,4.289999999999999,0.0
2527,0.322,0.322,0.028000000000000025,0.0,0.0,4.289999999999999,0.0
2528,0.395,0.395,1.299,0.0,0.0,4.289999999999999,0.0
2529,0.322,0.322,2.758,0.0,0.0,4.289999999999999,0.0
2530,0.322,2.922,1.2709999999999995,2.6,0.0,6.76,0.0
2531,0.322,0.322,4.6339999999999995,0.0,0.0,6.76,0.0
2532,0.322,2.922,2.4469999999999996,2.6,0.0,9.23,0.0
2533,0.322,2.922,2.5239999999999996,2.6,0.0,11.7,0.0
2534,0.322,0.322,4.872,0.0,0.0,11.7,0.0
2535,0.995,0.995,3.6109999999999998,0.0,0.0,11.7,0.0
2536,0.422,0.422,3.267,0.0,0.0,11.7,0.0
2537,0.422,0.422,2.0629999999999997,0.0,0.0,11.7,0.0
2538,2.422,1.1497460838847362,0.005253916115263824,0.0,1.272253916115264,10.4913587796905,0.0
2539,0.422,0.17420395210374792,0.0007960478962520945,0.0,0.24779604789625206,10.25595253418906,0.0
2540,0.495,0.013936316168299835,6.368383170016548e-5,0.0,0.4810636838317002,9.798942034548945,0.0
2541,0.422,0.0,0.0,0.0,0.422,9.398042034548945,0.0
2542,0.422,0.0,0.0,0.0,0.422,8.997142034548945,0.0
2543,0.422,0.0,0.0,0.0,0.422,8.596242034548945,0.0
2544,0.322,0.0,0.0,0.0,0.322,8.290342034548946,0.0
2545,0.322,0.0,0.0,0.0,0.322,7.9844420345489455,0.0
2546,0.322,0.0,0.0,0.0,0.322,7.678542034548945,0.0
2547,0.322,0.0,0.0,0.0,0.322,7.372642034548945,0.0
2548,0.322,0.0,0.0,0.0,0.322,7.066742034548945,0.0
2549,0.322,0.0,0.0,0.0,0.322,6.760842034548944,0.0
2550,0.322,0.06271342275734924,0.0002865772426507568,0.0,0.25928657724265075,6.514519786168426,0.0
2551,0.322,0.322,0.034999999999999976,0.0,0.0,6.514519786168426,0.0
2552,0.395,0.395,1.215,0.0,0.0,6.514519786168426,0.0
2553,0.322,2.922,0.0389999999999997,2.6,0.0,8.984519786168425,0.0
2554,0.322,2.922,1.1589999999999994,2.6,0.0,11.454519786168426,0.0
2555,0.322,0.322,4.563999999999999,0.0,0.0,11.454519786168426,0.0
2556,0.322,0.322,5.012,0.0,0.0,11.454519786168426,0.0
2557,0.322,0.322,5.117,0.0,0.0,11.454519786168426,0.0
2558,0.322,0.322,4.893,0.0,0.0,11.454519786168426,0.0
2559,0.995,0.995,3.6530000000000005,0.0,0.0,11.454519786168426,0.0
2560,0.422,0.6804002250858676,3.071599774914133,0.2584002250858676,0.0,11.7,0.0
2561,0.422,0.422,2.126,0.0,0.0,11.7,0.0
2562,2.422,1.1845868743054861,0.0054131256945140205,0.0,1.237413125694514,10.524457530590213,0.0
2563,0.422,0.18117211018789783,0.0008278898121021616,0.0,0.24082788981210215,10.295671035268715,0.0
2564,0.495,0.02090447425244975,9.552574755024995e-5,0.0,0.4740955257475502,9.845280285808542,0.0
2565,0.422,0.0,0.0,0.0,0.422,9.444380285808542,0.0
2566,0.422,0.0,0.0,0.0,0.422,9.043480285808542,0.0
2567,0.422,0.0,0.0,0.0,0.422,8.642580285808542,0.0
2568,0.322,0.0,0.0,0.0,0.322,8.336680285808542,0.0
2569,0.322,0.0,0.0,0.0,0.322,8.030780285808543,0.0
2570,0.322,0.0,0.0,0.0,0.322,7.724880285808543,0.0
2571,0.322,0.0,0.0,0.0,0.322,7.4189802858085425,0.0
2572,0.322,0.0,0.0,0.0,0.322,7.113080285808542,0.0
2573,0.322,0.0,0.0,0.0,0.322,6.807180285808542,0.0
2574,0.322,0.07664973892564908,0.0003502610743509188,0.0,0.24535026107435093,6.5740975377879085,0.0
2575,0.322,0.29266263953429655,0.0013373604657034854,0.0,0.02933736046570347,6.546227045345489,0.0
2576,0.395,0.395,0.20000000000000007,0.0,0.0,6.546227045345489,0.0
2577,0.322,1.2194276647262352,0.005572335273764661,0.8974276647262353,0.0,7.398783326835413,0.0
2578,0.322,0.322,2.835,0.0,0.0,7.398783326835413,0.0
2579,0.322,0.322,3.9619999999999997,0.0,0.0,7.398783326835413,0.0
2580,0.322,2.922,1.7609999999999997,2.6,0.0,9.868783326835413,0.0
2581,0.322,0.322,4.298,0.0,0.0,9.868783326835413,0.0
2582,0.322,0.322,3.997,0.0,0.0,9.868783326835413,0.0
2583,0.995,0.995,2.89,0.0,0.0,9.868783326835413,0.0
2584,0.422,2.349596498067987,0.6254035019320132,1.927596498067987,0.0,11.7,0.0
2585,0.422,0.422,1.573,0.0,0.0,11.7,0.0
2586,2.422,0.8710197605187396,0.003980239481260361,0.0,1.5509802394812606,10.226568772492804,0.0
2587,0.422,0.2090447425244975,0.0009552574755024856,0.0,0.21295525747550248,10.024261277891076,0.0
2588,0.495,0.006968158084149917,3.184191585008274e-5,0.0,0.4880318419158501,9.560631028071018,0.0
2589,0.422,0.0,0.0,0.0,0.422,9.159731028071018,0.0
2590,0.422,0.0,0.0,0.0,0.422,8.758831028071018,0.0
2591,0.422,0.0,0.0,0.0,0.422,8.357931028071018,0.0
2592,0.322,0.0,0.0,0.0,0.322,8.052031028071019,0.0
2593,0.322,0.0,0.0,0.0,0.322,7.7461310280710185,0.0
2594,0.322,0.0,0.0,0.0,0.322,7.440231028071018,0.0
2595,0.322,0.0,0.0,0.0,0.322,7.134331028071018,0.0
2596,0.322,0.0,0.0,0.0,0.322,6.828431028071018,0.0
2597,0.322,0.0,0.0,0.0,0.322,6.522531028071017,0.0
2598,0.322,0.034840790420749584,0.0001592095792504189,0.0,0.2871592095792504,6.24972977897073,0.0
2599,0.322,0.29266263953429655,0.0013373604657034854,0.0,0.02933736046570347,6.2218592865283116,0.0
2600,0.395,0.395,0.55,0.0,0.0,6.2218592865283116,0.0
2601,0.322,0.322,1.498,0.0,0.0,6.2218592865283116,0.0
2602,0.322,0.322,2.443,0.0,0.0,6.2218592865283116,0.0
2603,0.322,2.922,0.7669999999999999,2.6,0.0,8.69185928652831,0.0
2604,0.322,0.322,4.144,0.0,0.0,8.69185928652831,0.0
2605,0.322,0.322,4.494,0.0,0.0,8.69185928652831,0.0
2606,0.322,0.8884639089175679,3.815536091082433,0.5664639089175679,0.0,9.23,0.0
2607,0.995,3.595,0.6889999999999996,2.6,0.0,11.7,0.0
2608,0.422,0.422,3.0639999999999996,0.0,0.0,11.7,0.0
2609,0.422,0.422,1.9160000000000001,0.0,0.0,11.7,0.0
2610,2.422,1.080064503043237,0.004935496956762986,0.0,1.3419354969567632,10.425161277891076,0.0
2611,0.422,0.23691737486109718,0.0010826251389028374,0.0,0.1850826251389028,10.249332784009118,0.0
2612,0.495,0.034840790420749584,0.0001592095792504189,0.0,0.46015920957925033,9.81218153490883,0.0
2613,0.422,0.0,0.0,0.0,0.422,9.41128153490883,0.0
2614,0.422,0.0,0.0,0.0,0.422,9.01038153490883,0.0
2615,0.422,0.0,0.0,0.0,0.422,8.60948153490883,0.0
2616,0.322,0.0,0.0,0.0,0.322,8.303581534908831,0.0
2617,0.322,0.0,0.0,0.0,0.322,7.997681534908831,0.0
2618,0.322,0.0,0.0,0.0,0.322,7.691781534908831,0.0
2619,0.322,0.0,0.0,0.0,0.322,7.3858815349088305,0.0
2620,0.322,0.0,0.0,0.0,0.322,7.07998153490883,0.0
2621,0.322,0.0,0.0,0.0,0.322,6.77408153490883,0.0
2622,0.322,0.10452237126224875,0.0004776287377512428,0.0,0.21747762873775123,6.5674777876079675,0.0
2623,0.322,0.322,0.10499999999999998,0.0,0.0,6.5674777876079675,0.0
2624,0.395,0.8152937433705387,0.7737062566294612,0.4202937433705387,0.0,6.966756843809979,0.0
2625,0.322,2.8569448145014653,0.01305518549853435,2.5349448145014652,0.0,9.37495441758637,0.0
2626,0.322,0.322,3.535,0.0,0.0,9.37495441758637,0.0
2627,0.322,0.322,4.13,0.0,0.0,9.37495441758637,0.0
2628,0.322,0.322,4.34,0.0,0.0,9.37495441758637,0.0
2629,0.322,0.322,3.5420000000000003,0.0,0.0,9.37495441758637,0.0
2630,0.322,2.285555851601173,0.010444148398827124,1.9635558516011729,0.0,11.240332476607485,0.0
2631,0.995,0.995,0.34199999999999997,0.0,0.0,11.240332476607485,0.0
2632,0.422,0.9058605509394891,0.004139449060510891,0.4838605509394892,0.0,11.7,0.0
2633,0.422,0.422,0.11700000000000005,0.0,0.0,11.7,0.0
2634,2.422,0.334471588039196,0.0015284119608039992,0.0,2.087528411960804,9.716848008637236,0.0
2635,0.422,0.1254268455146985,0.0005731544853015136,0.0,0.15907883214213553,9.565723118102207,0.13749432234316594
2636,0.495,0.013936316168299835,6.368383170016548e-5,0.0,0.0,9.565723118102207,0.4810636838317002
2637,0.422,0.0,0.0,0.0,0.422,9.164823118102207,0.0
2638,0.422,0.0,0.0,0.0,0.422,8.763923118102207,0.0
2639,0.422,0.0,0.0,0.0,0.422,8.363023118102207,0.0
2640,0.322,0.0,0.0,0.0,0.322,8.057123118102206,0.0
2641,0.322,0.0,0.0,0.0,0.322,7.751223118102207,0.0
2642,0.322,0.0,0.0,0.0,0.322,7.445323118102206,0.0
2643,0.322,0.0,0.0,0.0,0.322,7.139423118102206,0.0
2644,0.322,0.0,0.0,0.0,0.0,7.139423118102206,0.322
2645,0.322,0.0,0.0,0.0,0.322,6.833523118102206,0.0
2646,0.322,0.0,0.0,0.0,0.322,6.5276231181022055,0.0
2647,0.322,0.0418089485048995,0.0001910514951004999,0.0,0.0,6.5276231181022055,0.2801910514951005
2648,0.395,0.11845868743054859,0.0005413125694514187,0.0,0.2765413125694514,6.264908871161227,0.0
2649,0.322,0.22298105869279736,0.0010189413072026476,0.0,0.09901894130720268,6.170840876919384,0.0
2650,0.322,0.35537606229164576,0.0016239377083542283,0.03337606229164572,0.0,6.202548136096448,0.0
2651,0.322,0.3902168527123953,0.0017831472876047028,0.06821685271239533,0.0,6.267354146173224,0.0
2652,0.322,0.5574526467319934,0.0025473532680067024,0.2354526467319934,0.0,6.491034160568618,0.0
2653,0.322,0.7664973892564908,0.0035026107435092158,0.4444973892564908,0.0,6.913306680362283,0.0
2654,0.322,0.7246884407515913,0.0033115592484086465,0.4026884407515913,0.0,7.295860699076296,0.0
2655,0.995,0.5783571209844431,0.0026428790155569315,0.0,0.41664287901555686,6.900049964011516,0.0
2656,0.422,0.5295800143953936,0.002419985604606434,0.10758001439539372,0.0,7.00225097768714,0.0
2657,0.422,0.4041531688806952,0.001846831119304837,0.0,0.017846831119304792,6.9852964881238,0.0
2658,2.422,0.3065989557025963,0.0014010442974036752,0.0,2.115401044297404,4.975665496041267,0.0
2659,0.422,0.15329947785129816,0.0007005221487018376,0.0,0.2687005221487019,4.7204,0.0
2660,0.495,0.013936316168299835,6.368383170016548e-5,0.0,0.0,4.7204,0.4810636838317002
2661,0.422,0.0,0.0,0.0,0.422,4.3195,0.0
2662,0.422,0.0,0.0,0.0,0.422,3.9186,0.0
2663,0.422,0.0,0.0,0.0,0.422,3.5177,0.0
2664,0.322,0.0,0.0,0.0,0.322,3.2118,0.0
2665,0.322,0.0,0.0,0.0,0.0,3.2118,0.322
2666,0.322,0.0,0.0,0.0,0.0,3.2118,0.322
2667,0.322,0.0,0.0,0.0,0.322,2.9059,0.0
2668,0.322,0.0,0.0,0.0,0.322,2.6,0.0
2669,0.322,0.0,0.0,0.0,0.0,2.6,0.322
2670,0.322,0.07664973892564908,0.0003502610743509188,0.0,0.0,2.6,0.24535026107435093
2671,0.322,0.3832486946282454,0.0017513053717546079,0.06124869462824541,0.0,2.658186259896833,0.0
2672,0.395,0.395,0.97,0.0,0.0,2.658186259896833,0.0
2673,0.322,2.0396986737928064,0.5993013262071938,1.7176986737928068,0.0,4.289999999999999,0.0
2674,0.322,2.922,0.7319999999999998,2.6,0.0,6.76,0.0
2675,0.322,0.322,3.9269999999999996,0.0,0.0,6.76,0.0
2676,0.322,0.322,4.382000000000001,0.0,0.0,6.76,0.0
2677,0.322,0.322,4.654999999999999,0.0,0.0,6.76,0.0
2678,0.322,0.322,4.515,0.0,0.0,6.76,0.0
2679,0.995,3.595,0.738,2.6,0.0,9.23,0.0
2680,0.422,3.0220000000000002,0.4639999999999995,2.6,0.0,11.7,0.0
2681,0.422,0.422,1.9510000000000003,0.0,0.0,11.7,0.0
2682,2.422,1.1427779258005866,0.005222074199413562,0.0,1.2792220741994136,10.484739029510557,0.0
2683,0.422,0.22994921677694724,0.0010507832230527703,0.0,0.19205078322305275,10.302290785448657,0.0
2684,0.495,0.06271342275734924,0.0002865772426507568,0.0,0.43228657724265074,9.891618537068139,0.0
2685,0.422,0.0,0.0,0.0,0.422,9.490718537068139,0.0
2686,0.422,0.0,0.0,0.0,0.422,9.089818537068139,0.0
2687,0.422,0.0,0.0,0.0,0.422,8.688918537068139,0.0
2688,0.322,0.0,0.0,0.0,0.322,8.38301853706814,0.0
2689,0.322,0.0,0.0,0.0,0.322,8.077118537068138,0.0
2690,0.322,0.0,0.0,0.0,0.322,7.7712185370681395,0.0
2691,0.322,0.0,0.0,0.0,0.322,7.465318537068139,0.0
2692,0.322,0.0,0.0,0.0,0.322,7.159418537068139,0.0
2693,0.322,0.0,0.0,0.0,0.322,6.853518537068139,0.0
2694,0.322,0.11149052934639868,0.0005094706536013238,0.0,0.21050947065360134,6.653534539947217,0.0
2695,0.322,0.322,0.10499999999999998,0.0,0.0,6.653534539947217,0.0
2696,0.395,0.395,1.2639999999999998,0.0,0.0,6.653534539947217,0.0
2697,0.322,0.322,2.6319999999999997,0.0,0.0,6.653534539947217,0.0
2698,0.322,0.322,3.675,0.0,0.0,6.653534539947217,0.0
2699,0.322,0.322,4.41,0.0,0.0,6.653534539947217,0.0
2700,0.322,1.3184133356273338,3.8125866643726667,0.9964133356273336,0.0,7.600127208793184,0.0
2701,0.322,0.322,4.872,0.0,0.0,7.600127208793184,0.0
2702,0.322,0.322,4.641,0.0,0.0,7.600127208793184,0.0
2703,0.995,0.995,3.415,0.0,0.0,7.600127208793184,0.0
2704,0.422,0.422,3.141,0.0,0.0,7.600127208793184,0.0
2705,0.422,0.422,2.0209999999999995,0.0,0.0,7.600127208793184,0.0
2706,2.422,1.1845868743054861,0.0054131256945140205,0.0,1.237413125694514,6.424584739383396,0.0
2707,0.422,0.21601290060864742,0.0009870993913525805,0.0,0.20598709939135257,6.228896994961612,0.0
2708,0.495,0.06968158084149917,0.0003184191585008378,0.0,0.4253184191585008,5.8248444967610356,0.0
2709,0.422,0.0,0.0,0.0,0.422,5.4239444967610355,0.0
2710,0.422,0.0,0.0,0.0,0.422,5.0230444967610355,0.0
2711,0.422,0.0,0.0,0.0,0.422,4.6221444967610354,0.0
2712,0.322,0.0,0.0,0.0,0.322,4.316244496761035,0.0
2713,0.322,0.0,0.0,0.0,0.322,4.010344496761036,0.0
2714,0.322,0.0,0.0,0.0,0.322,3.704444496761036,0.0
2715,0.322,0.0,0.0,0.0,0.322,3.398544496761036,0.0
2716,0.322,0.0,0.0,0.0,0.322,3.0926444967610363,0.0
2717,0.322,0.0,0.0,0.0,0.322,2.7867444967610364,0.0
2718,0.322,0.1254268455146985,0.0005731544853015136,0.0,0.19657315448530152,2.6,0.0
2719,0.322,0.4389939593014448,0.0020060406985552004,0.11699395930144474,0.0,2.7111442613363725,0.0
2720,0.395,0.395,1.243,0.0,0.0,2.7111442613363725,0.0
2721,0.322,2.922,0.0389999999999997,2.6,0.0,5.181144261336372,0.0
2722,0.322,0.322,3.745,0.0,0.0,5.181144261336372,0.0
2723,0.322,1.6684909318491787,3.189509068150821,1.3464909318491787,0.0,6.460310646593092,0.0
2724,0.322,0.322,4.949,0.0,0.0,6.460310646593092,0.0
2725,0.322,0.322,4.998,0.0,0.0,6.460310646593092,0.0
2726,0.322,0.322,4.732,0.0,0.0,6.460310646593092,0.0
2727,0.995,0.995,3.436,0.0,0.0,6.460310646593092,0.0
2728,0.422,3.0220000000000002,0.4849999999999999,2.6,0.0,8.930310646593092,0.0
2729,0.422,0.422,1.9999999999999998,0.0,0.0,8.930310646593092,0.0
2730,2.422,1.1427779258005866,0.005222074199413562,0.0,1.2792220741994136,7.715049676103649,0.0
2731,0.422,0.2578218491135469,0.001178150886453122,0.0,0.16417815088645307,7.559080432761519,0.0
2732,0.495,0.07664973892564908,0.0003502610743509188,0.0,0.4183502610743509,7.161647684740885,0.0
2733,0.422,0.0,0.0,0.0,0.422,6.760747684740885,0.0
2734,0.422,0.0,0.0,0.0,0.422,6.359847684740885,0.0
2735,0.422,0.0,0.0,0.0,0.422,5.958947684740885,0.0
2736,0.322,0.0,0.0,0.0,0.322,5.653047684740884,0.0
2737,0.322,0.0,0.0,0.0,0.322,5.347147684740884,0.0
2738,0.322,0.0,0.0,0.0,0.322,5.041247684740884,0.0
2739,0.322,0.0,0.0,0.0,0.322,4.7353476847408835,0.0
2740,0.322,0.0,0.0,0.0,0.322,4.429447684740883,0.0
2741,0.322,0.0,0.0,0.0,0.322,4.123547684740883,0.0
2742,0.322,0.1254268455146985,0.0005731544853015136,0.0,0.19657315448530152,3.936803187979847,0.0
2743,0.322,0.322,0.126,0.0,0.0,3.936803187979847,0.0
2744,0.395,1.2751729293994347,0.005827070600565198,0.8801729293994347,0.0,4.772967470909309,0.0
2745,0.322,2.3273648001060723,0.010635199893927805,2.005364800106072,0.0,6.678064031010079,0.0
2746,0.322,0.322,2.842,0.0,0.0,6.678064031010079,0.0
2747,0.322,0.322,3.3810000000000002,0.0,0.0,6.678064031010079,0.0
2748,0.322,0.322,3.6469999999999994,0.0,0.0,6.678064031010079,0.0
2749,0.322,0.322,3.6819999999999995,0.0,0.0,6.678064031010079,0.0
2750,0.322,2.922,0.935,2.6,0.0,9.148064031010078,0.0
2751,0.995,0.995,2.4349999999999996,0.0,0.0,9.148064031010078,0.0
2752,0.422,0.422,2.343,0.0,0.0,9.148064031010078,0.0
2753,0.422,0.422,1.4260000000000002,0.0,0.0,9.148064031010078,0.0
2754,2.422,0.83617897009799,0.0038210299020099425,0.0,1.58582102990201,7.641534052603169,0.0
2755,0.422,0.2787263233659967,0.0012736766340033512,0.0,0.1432736766340033,7.505424059800866,0.0
2756,0.495,0.05574526467319934,0.0002547353268006619,0.0,0.43925473532680065,7.088132061240406,0.0
2757,0.422,0.0,0.0,0.0,0.422,6.687232061240406,0.0
2758,0.422,0.0,0.0,0.0,0.422,6.286332061240406,0.0
2759,0.422,0.0,0.0,0.0,0.422,5.885432061240406,0.0
2760,0.322,0.0,0.0,0.0,0.322,5.579532061240406,0.0
2761,0.322,0.0,0.0,0.0,0.322,5.273632061240406,0.0
2762,0.322,0.0,0.0,0.0,0.322,4.9677320612404055,0.0
2763,0.322,0.0,0.0,0.0,0.322,4.661832061240405,0.0
2764,0.322,0.0,0.0,0.0,0.322,4.355932061240405,0.0
2765,0.322,0.0,0.0,0.0,0.322,4.050032061240405,0.0
2766,0.322,0.13936316168299834,0.0006368383170016756,0.0,0.18263683831700167,3.876527064839253,0.0
2767,0.322,0.322,0.14,0.0,0.0,3.876527064839253,0.0
2768,0.395,0.395,1.033,0.0,0.0,3.876527064839253,0.0
2769,0.322,0.322,2.2889999999999997,0.0,0.0,3.876527064839253,0.0
2770,0.322,2.922,0.7319999999999998,2.6,0.0,6.346527064839252,0.0
2771,0.322,2.922,1.4460000000000002,2.6,0.0,8.816527064839253,0.0
2772,0.322,0.322,4.431,0.0,0.0,8.816527064839253,0.0
2773,0.322,0.322,4.55,0.0,0.0,8.816527064839253,0.0
2774,0.322,2.922,1.775,2.6,0.0,11.286527064839252,0.0
2775,0.995,0.995,3.1769999999999996,0.0,0.0,11.286527064839252,0.0
2776,0.422,0.422,2.924,0.0,0.0,11.286527064839252,0.0
2777,0.422,0.422,1.8460000000000003,0.0,0.0,11.286527064839252,0.0
2778,2.422,1.1079371353798366,0.005062864620163365,0.0,1.3140628646201635,10.038167343450096,0.0
2779,0.422,0.28569448145014664,0.0013055185498533906,0.0,0.13630551854985337,9.908677100827736,0.0
2780,0.495,0.09058605509394892,0.0004139449060510808,0.0,0.40441394490605115,9.524483853166988,0.0
2781,0.422,0.0,0.0,0.0,0.422,9.123583853166988,0.0
2782,0.422,0.0,0.0,0.0,0.422,8.722683853166988,0.0
2783,0.422,0.0,0.0,0.0,0.422,8.321783853166988,0.0
2784,0.322,0.0,0.0,0.0,0.322,8.015883853166988,0.0
2785,0.322,0.0,0.0,0.0,0.322,7.709983853166988,0.0
2786,0.322,0.0,0.0,0.0,0.322,7.404083853166988,0.0
2787,0.322,0.0,0.0,0.0,0.322,7.098183853166987,0.0
2788,0.322,0.0,0.0,0.0,0.322,6.792283853166987,0.0
2789,0.322,0.0,0.0,0.0,0.322,6.486383853166987,0.0
2790,0.322,0.15329947785129816,0.0007005221487018376,0.0,0.16870052214870185,6.32611835712572,0.0
2791,0.322,0.322,0.14700000000000002,0.0,0.0,6.32611835712572,0.0
2792,0.395,0.395,0.9630000000000001,0.0,0.0,6.32611835712572,0.0
2793,0.322,0.322,2.163,0.0,0.0,6.32611835712572,0.0
2794,0.322,0.322,3.3040000000000003,0.0,0.0,6.32611835712572,0.0
2795,0.322,0.322,4.102,0.0,0.0,6.32611835712572,0.0
2796,0.322,0.322,4.563999999999999,0.0,0.0,6.32611835712572,0.0
2797,0.322,0.322,4.662,0.0,0.0,6.32611835712572,0.0
2798,0.322,2.922,1.81,2.6,0.0,8.796118357125719,0.0
2799,0.995,0.995,3.1769999999999996,0.0,0.0,8.796118357125719,0.0
2800,0.422,0.422,2.8959999999999995,0.0,0.0,8.796118357125719,0.0
2801,0.422,0.422,1.8110000000000002,0.0,0.0,8.796118357125719,0.0
2802,2.422,1.087032661127387,0.004967338872613025,0.0,1.334967338872613,7.527899385196736,0.0
2803,0.422,0.2996307976184464,0.0013692023815535803,0.0,0.12236920238155358,7.41164864293426,0.0
2804,0.495,0.10452237126224875,0.0004776287377512428,0.0,0.3904776287377512,7.040694895633397,0.0
2805,0.422,0.0,0.0,0.0,0.422,6.639794895633397,0.0
2806,0.422,0.0,0.0,0.0,0.422,6.238894895633397,0.0
2807,0.422,0.0,0.0,0.0,0.422,5.837994895633397,0.0
2808,0.322,0.0,0.0,0.0,0.322,5.532094895633397,0.0
2809,0.322,0.0,0.0,0.0,0.322,5.226194895633396,0.0
2810,0.322,0.0,0.0,0.0,0.322,4.920294895633396,0.0
2811,0.322,0.0,0.0,0.0,0.322,4.614394895633396,0.0
2812,0.322,0.0,0.0,0.0,0.322,4.3084948956333955,0.0
2813,0.322,0.0,0.0,0.0,0.322,4.002594895633395,0.0
2814,0.322,0.1602676359354481,0.0007323640645519047,0.0,0.1617323640645519,3.848949149772071,0.0
2815,0.322,0.322,0.16100000000000003,0.0,0.0,3.848949149772071,0.0
2816,0.395,1.5678355689337313,0.007164431066268628,1.1728355689337313,0.0,4.963142940259115,0.0
2817,0.322,0.322,2.45,0.0,0.0,4.963142940259115,0.0
2818,0.322,2.922,0.8650000000000002,2.6,0.0,7.433142940259116,0.0
2819,0.322,0.322,4.172,0.0,0.0,7.433142940259116,0.0
2820,0.322,0.322,4.55,0.0,0.0,7.433142940259116,0.0
2821,0.322,2.922,2.0129999999999995,2.6,0.0,9.903142940259116,0.0
2822,0.322,0.322,4.368,0.0,0.0,9.903142940259116,0.0
2823,0.995,0.995,3.17,0.0,0.0,9.903142940259116,0.0
2824,0.422,0.422,2.945,0.0,0.0,9.903142940259116,0.0
2825,0.422,2.3134284839377726,0.010571516062227726,1.8914284839377726,0.0,11.7,0.0
2826,2.422,1.1567142419688863,0.005285758031113863,0.0,1.2652857580311139,10.497978529870442,0.0
2827,0.422,0.2787263233659967,0.0012736766340033512,0.0,0.1432736766340033,10.361868537068139,0.0
2828,0.495,0.11149052934639868,0.0005094706536013238,0.0,0.3835094706536013,9.99753453994722,0.0
2829,0.422,0.0,0.0,0.0,0.422,9.59663453994722,0.0
2830,0.422,0.0,0.0,0.0,0.422,9.19573453994722,0.0
2831,0.422,0.0,0.0,0.0,0.422,8.79483453994722,0.0
2832,0.322,0.0,0.0,0.0,0.322,8.48893453994722,0.0
2833,0.322,0.0,0.0,0.0,0.322,8.18303453994722,0.0
2834,0.322,0.0,0.0,0.0,0.322,7.877134539947219,0.0
2835,0.322,0.0,0.0,0.0,0.322,7.571234539947219,0.0
2836,0.322,0.0,0.0,0.0,0.322,7.265334539947219,0.0
2837,0.322,0.006968158084149917,3.184191585008274e-5,0.0,0.3150318419158501,6.966054290127162,0.0
2838,0.322,0.19510842635619766,0.0008915736438023514,0.0,0.12689157364380235,6.845507295165549,0.0
2839,0.322,0.322,0.21000000000000002,0.0,0.0,6.845507295165549,0.0
2840,0.395,0.395,1.1099999999999999,0.0,0.0,6.845507295165549,0.0
2841,0.322,2.5712503330513194,0.011749666948680737,2.2492503330513194,0.0,8.982295111564303,0.0
2842,0.322,0.322,3.171,0.0,0.0,8.982295111564303,0.0
2843,0.322,0.322,3.787,0.0,0.0,8.982295111564303,0.0
2844,0.322,0.4279959039423142,3.7090040960576856,0.10599590394231413,0.0,9.0829912203095,0.0
2845,0.322,2.922,0.5009999999999999,2.6,0.0,11.5529912203095,0.0
2846,0.322,0.322,1.6030000000000002,0.0,0.0,11.5529912203095,0.0
2847,0.995,1.1497460838847362,0.005253916115263824,0.15474608388473618,0.0,11.7,0.0
2848,0.422,0.422,0.2850000000000001,0.0,0.0,11.7,0.0
2849,0.422,0.422,0.04700000000000004,0.0,0.0,11.7,0.0
2850,2.422,0.2787263233659967,0.0012736766340033512,0.0,2.1432736766340033,9.663890007197697,0.0
2851,0.422,0.11149052934639868,0.0005094706536013238,0.0,0.3105094706536013,9.368906010076774,0.0
2852,0.495,0.02090447425244975,9.552574755024995e-5,0.0,0.4740955257475502,8.918515260616601,0.0
2853,0.422,0.0,0.0,0.0,0.422,8.517615260616601,0.0
2854,0.422,0.0,0.0,0.0,0.422,8.116715260616601,0.0
2855,0.422,0.0,0.0,0.0,0.422,7.715815260616603,0.0
2856,0.322,0.0,0.0,0.0,0.322,7.409915260616603,0.0
2857,0.322,0.0,0.0,0.0,0.322,7.1040152606166025,0.0
2858,0.322,0.0,0.0,0.0,0.322,6.798115260616602,0.0
2859,0.322,0.0,0.0,0.0,0.322,6.492215260616602,0.0
2860,0.322,0.0,0.0,0.0,0.322,6.186315260616602,0.0
2861,0.322,0.0,0.0,0.0,0.322,5.880415260616601,0.0
2862,0.322,0.083617897009799,0.0003821029902009998,0.0,0.238382102990201,5.653952262775911,0.0
2863,0.322,0.22298105869279736,0.0010189413072026476,0.0,0.09901894130720268,5.559884268534067,0.0
2864,0.395,0.395,0.01100000000000001,0.0,0.0,5.559884268534067,0.0
2865,0.322,0.322,0.35000000000000003,0.0,0.0,5.559884268534067,0.0
2866,0.322,0.322,0.6929999999999998,0.0,0.0,5.559884268534067,0.0
2867,0.322,0.7855855421002098,0.4604144578997902,0.46358554210020986,0.0,6.000290533529268,0.0
2868,0.322,1.5260266204288317,0.00697337957116817,1.2040266204288317,0.0,7.144115822936657,0.0
2869,0.322,1.825657418047278,0.008342581952722083,1.503657418047278,0.0,8.57259037008157,0.0
2870,0.322,1.8953389988887774,0.0086610011112227,1.5733389988887774,0.0,10.06726241902591,0.0
2871,0.995,1.7350713629533292,0.007928637046670683,0.7400713629533291,0.0,10.770330213831574,0.0
2872,0.422,0.422,1.223,0.0,0.0,10.770330213831574,0.0
2873,0.422,1.4005997749141332,0.006400225085866795,0.9785997749141333,0.0,11.7,0.0
2874,2.422,0.8779879186028896,0.004012081397110401,0.0,1.5440120813971103,10.233188522672746,0.0
2875,0.422,0.34143974612334593,0.001560253876654094,0.0,0.08056025387665404,10.156656281489926,0.0
2876,0.495,0.06271342275734924,0.0002865772426507568,0.0,0.43228657724265074,9.745984033109407,0.0
2877,0.422,0.0,0.0,0.0,0.05195832438882826,9.69662362494002,0.37004167561117174
2878,0.422,0.0,0.0,0.0,0.422,9.29572362494002,0.0
2879,0.422,0.0,0.0,0.0,0.0,9.29572362494002,0.422
2880,0.322,0.0,0.0,0.0,0.322,8.989823624940021,0.0
2881,0.322,0.0,0.0,0.0,0.0,8.989823624940021,0.322
2882,0.322,0.0,0.0,0.0,0.0,8.989823624940021,0.322
2883,0.322,0.0,0.0,0.0,0.322,8.683923624940022,0.0
2884,0.322,0.0,0.0,0.0,0.0,8.683923624940022,0.322
2885,0.322,0.0,0.0,0.0,0.322,8.378023624940022,0.0
2886,0.322,0.013936316168299835,6.368383170016548e-5,0.0,0.3080636838317002,8.085363125299908,0.0
2887,0.322,0.06271342275734924,0.0002865772426507568,0.0,0.25928657724265075,7.8390408769193884,0.0
2888,0.395,0.11149052934639868,0.0005094706536013238,0.0,0.2835094706536013,7.569706879798467,0.0
2889,0.322,0.167235794019598,0.0007642059804019996,0.0,0.154764205980402,7.422680884117086,0.0
2890,0.322,0.22298105869279736,0.0010189413072026476,0.0,0.09901894130720265,7.328612889875238,0.0
2891,0.322,0.3135671137867463,0.0014328862132537146,0.0,0.0,7.328612889875238,0.008432886213253757
2892,0.322,0.4459621173855947,0.0020378826144052953,0.12396211738559466,0.0,7.446376901391553,0.0
2893,0.322,0.5365481724795436,0.0024518275204564732,0.2145481724795436,0.0,7.65019766524712,0.0
2894,0.322,0.6131979114051926,0.0028020885948073504,0.2911979114051927,0.0,7.926835681082053,0.0
2895,0.995,0.6550068599100922,0.0029931400899078087,0.0,0.33999314008990783,7.60384219799664,0.0
2896,0.422,0.6968158084149917,0.003184191585008378,0.27481580841499176,0.0,7.864917215990883,0.0
2897,0.422,0.5365481724795436,0.0024518275204564732,0.11454817247954362,0.0,7.973737979846449,0.0
2898,2.422,0.3065989557025963,0.0014010442974036752,0.0,2.115401044297404,5.964106987763915,0.0
2899,0.422,0.1254268455146985,0.0005731544853015136,0.0,0.29657315448530147,5.682362491002879,0.0
2900,0.495,0.02090447425244975,9.552574755024995e-5,0.0,0.4740955257475502,5.231971741542706,0.0
2901,0.422,0.0,0.0,0.0,0.422,4.831071741542706,0.0
2902,0.422,0.0,0.0,0.0,0.422,4.430171741542706,0.0
2903,0.422,0.0,0.0,0.0,0.0,4.430171741542706,0.422
2904,0.322,0.0,0.0,0.0,0.322,4.124271741542706,0.0
2905,0.322,0.0,0.0,0.0,0.322,3.8183717415427068,0.0
2906,0.322,0.0,0.0,0.0,0.322,3.512471741542707,0.0
2907,0.322,0.0,0.0,0.0,0.322,3.2065717415427066,0.0
2908,0.322,0.0,0.0,0.0,0.322,2.9006717415427064,0.0
2909,0.322,0.0,0.0,0.0,0.0,2.9006717415427064,0.322
2910,0.322,0.07664973892564908,0.0003502610743509188,0.0,0.24535026107435093,2.667588993522073,0.0
2911,0.322,0.250853691029397,0.0011463089706030272,0.0,0.071146308970603,2.6,0.0
2912,0.395,0.5365481724795436,0.0024518275204564732,0.1415481724795436,0.0,2.7344707638555663,0.0
2913,0.322,0.8710197605187396,0.003980239481260361,0.5490197605187396,0.0,3.2560395363483687,0.0
2914,0.322,1.1706505581371862,0.005349441862813942,0.848650558137186,0.0,4.062257566578695,0.0
2915,0.322,0.9139120460399897,0.45108795396001033,0.5919120460399896,0.0,4.624574010316685,0.0
2916,0.322,1.6166126755227808,0.007387324477219348,1.2946126755227807,0.0,5.854456052063327,0.0
2917,0.322,1.6653897821118302,0.007610217888169846,1.3433897821118301,0.0,7.130676345069566,0.0
2918,0.322,1.3587908264092339,0.006209173590766115,1.0367908264092338,0.0,8.11562763015834,0.0
2919,0.995,1.1149052934639867,0.005094706536013405,0.11990529346398666,0.0,8.229537658949125,0.0
2920,0.422,0.8640516024345897,0.003948397565410322,0.4420516024345897,0.0,8.649486681261989,0.0
2921,0.422,0.6201660694893426,0.0028339305106573898,0.19816606948934262,0.0,8.837744447276863,0.0
2922,2.422,0.48777106589049424,0.002228934109505809,0.0,1.934228934109506,7.0002269598728315,0.0
2923,0.422,0.2578218491135469,0.001178150886453122,0.0,0.16417815088645307,6.844257716530703,0.0
2924,0.495,0.07664973892564908,0.0003502610743509188,0.0,0.4183502610743509,6.446824968510069,0.0
2925,0.422,0.0,0.0,0.0,0.422,6.045924968510069,0.0
2926,0.422,0.0,0.0,0.0,0.422,5.645024968510069,0.0
2927,0.422,0.0,0.0,0.0,0.422,5.244124968510069,0.0
2928,0.322,0.0,0.0,0.0,0.322,4.9382249685100685,0.0
2929,0.322,0.0,0.0,0.0,0.322,4.632324968510068,0.0
2930,0.322,0.0,0.0,0.0,0.322,4.326424968510068,0.0
2931,0.322,0.0,0.0,0.0,0.322,4.020524968510069,0.0
2932,0.322,0.0,0.0,0.0,0.322,3.7146249685100683,0.0
2933,0.322,0.006968158084149917,3.184191585008274e-5,0.0,0.3150318419158501,3.4153447186900108,0.0
2934,0.322,0.15329947785129816,0.0007005221487018376,0.0,0.16870052214870185,3.255079222648744,0.0
2935,0.322,0.322,0.09099999999999997,0.0,0.0,3.255079222648744,0.0
2936,0.395,0.7874018635089406,0.003598136491059445,0.3924018635089406,0.0,3.6278609929822374,0.0
2937,0.322,0.322,0.952,0.0,0.0,3.6278609929822374,0.0
2938,0.322,0.322,1.3439999999999999,0.0,0.0,3.6278609929822374,0.0
2939,0.322,1.8744345246363274,0.008565475363672581,1.5524345246363274,0.0,5.102673791386748,0.0
2940,0.322,2.1461926899181742,0.009807310081825893,1.8241926899181746,0.0,6.835656846809014,0.0
2941,0.322,0.322,2.324,0.0,0.0,6.835656846809014,0.0
2942,0.322,2.696677178566018,0.01232282143398189,2.374677178566018,0.0,9.091600166446732,0.0
2943,0.995,0.995,1.3780000000000001,0.0,0.0,9.091600166446732,0.0
2944,0.422,1.9789568958985762,0.009043104101423616,1.5569568958985762,0.0,10.57070921755038,0.0
2945,0.422,1.3657589844933837,0.006241015506616376,0.9437589844933838,0.0,11.467280252819092,0.0
2946,2.422,0.83617897009799,0.0038210299020099425,0.0,1.5858210299020103,9.960750274412183,0.0
2947,0.422,0.3832486946282454,0.0017513053717546079,0.0,0.038751305371754564,9.923936534309016,0.0
2948,0.495,0.13936316168299834,0.0006368383170016756,0.0,0.35563683831700166,9.586081537907864,0.0
2949,0.422,0.0,0.0,0.0,0.422,9.185181537907864,0.0
2950,0.422,0.0,0.0,0.0,0.422,8.784281537907864,0.0
2951,0.422,0.0,0.0,0.0,0.422,8.383381537907864,0.0
2952,0.322,0.0,0.0,0.0,0.322,8.077481537907865,0.0
2953,0.322,0.0,0.0,0.0,0.322,7.771581537907864,0.0
2954,0.322,0.0,0.0,0.0,0.322,7.465681537907864,0.0
2955,0.322,0.0,0.0,0.0,0.322,7.159781537907864,0.0
2956,0.322,0.0,0.0,0.0,0.322,6.8538815379078635,0.0
2957,0.322,0.0,0.0,0.0,0.322,6.547981537907863,0.0
2958,0.322,0.048777106589049414,0.00022289341095058784,0.0,0.2732228934109506,6.2884197891674605,0.0
2959,0.322,0.1602676359354481,0.0007323640645519047,0.0,0.1617323640645519,6.134774043306136,0.0
2960,0.395,0.3135671137867463,0.0014328862132537146,0.0,0.08143288621325377,6.057412801403545,0.0
2961,0.322,0.501707382058794,0.0022926179412060543,0.179707382058794,0.0,6.228134814359399,0.0
2962,0.322,0.7386247569198912,0.0033752430801088362,0.4166247569198912,0.0,6.623928333433296,0.0
2963,0.322,0.9616058156126887,0.004394184387311428,0.6396058156126887,0.0,7.231553858265352,0.0
2964,0.322,0.322,0.8049999999999999,0.0,0.0,7.231553858265352,0.0
2965,0.322,1.2821410874835848,0.005858912516415238,0.9601410874835846,0.0,8.143687891374757,0.0
2966,0.322,1.3936316168299834,0.006368383170016756,1.0716316168299833,0.0,9.16173792736324,0.0
2967,0.995,1.421504249166583,0.006495750833416913,0.42650424916658297,0.0,9.566916964071497,0.0
2968,0.422,1.1636824000530361,0.005317599946963902,0.7416824000530361,0.0,10.27151524412188,0.0
2969,0.422,0.9755421317809885,0.004457868219011618,0.5535421317809884,0.0,10.79738026931382,0.0
2970,2.422,0.675911334162542,0.003088665837458038,0.0,1.7460886658374584,9.138596036768233,0.0
2971,0.422,0.334471588039196,0.0015284119608039992,0.0,0.08752841196080396,9.05544404540547,0.0
2972,0.495,0.09058605509394892,0.0004139449060510808,0.0,0.4044139449060511,8.671250797744722,0.0
2973,0.422,0.0,0.0,0.0,0.422,8.270350797744722,0.0
2974,0.422,0.0,0.0,0.0,0.422,7.869450797744721,0.0
2975,0.422,0.0,0.0,0.0,0.422,7.4685507977447205,0.0
2976,0.322,0.0,0.0,0.0,0.322,7.16265079774472,0.0
2977,0.322,0.0,0.0,0.0,0.322,6.85675079774472,0.0
2978,0.322,0.0,0.0,0.0,0.322,6.55085079774472,0.0
2979,0.322,0.0,0.0,0.0,0.322,6.244950797744719,0.0
2980,0.322,0.0,0.0,0.0,0.322,5.939050797744719,0.0
2981,0.322,0.0,0.0,0.0,0.322,5.633150797744719,0.0
2982,0.322,0.02787263233659967,0.00012736766340033095,0.0,0.2941273676634003,5.353729798464489,0.0
2983,0.322,0.1254268455146985,0.0005731544853015136,0.0,0.19657315448530152,5.166985301703452,0.0
2984,0.395,0.23691737486109718,0.0010826251389028374,0.0,0.15808262513890284,5.016806807821495,0.0
2985,0.322,0.322,0.063,0.0,0.0,5.016806807821495,0.0
2986,0.322,0.322,0.182,0.0,0.0,5.016806807821495,0.0
2987,0.322,0.6131979114051926,0.0028020885948073504,0.2911979114051927,0.0,5.293444823656428,0.0
2988,0.322,0.8013381796772404,0.0036618203227596346,0.47933817967724046,0.0,5.748816094349807,0.0
2989,0.322,1.0173510802858878,0.004648919714112187,0.6953510802858878,0.0,6.409399620621399,0.0
2990,0.322,1.087032661127387,0.004967338872613025,0.7650326611273871,0.0,7.1361806486924175,0.0
2991,0.995,1.080064503043237,0.004935496956762986,0.08506450304323694,0.0,7.216991926583492,0.0
2992,0.422,0.9685739736968385,0.004426026303161579,0.5465739736968386,0.0,7.736237201595489,0.0
2993,0.422,0.7107521245832915,0.0032478754167084567,0.28875212458329147,0.0,8.010551719949616,0.0
2994,2.422,0.501707382058794,0.0022926179412060543,0.0,1.920292617941206,6.1862737329054704,0.0
2995,0.422,0.2787263233659967,0.0012736766340033512,0.0,0.1432736766340033,6.050163740103167,0.0
2996,0.495,0.11149052934639868,0.0005094706536013238,0.0,0.3835094706536013,5.685829742982245,0.0
2997,0.422,0.0,0.0,0.0,0.422,5.284929742982245,0.0
2998,0.422,0.0,0.0,0.0,0.422,4.884029742982245,0.0
2999,0.422,0.0,0.0,0.0,0.422,4.4831297429822445,0.0
3000,0.322,0.0,0.0,0.0,0.322,4.177229742982244,0.0
3001,0.322,0.0,0.0,0.0,0.322,3.8713297429822453,0.0
3002,0.322,0.0,0.0,0.0,0.322,3.5654297429822455,0.0
3003,0.322,0.0,0.0,0.0,0.322,3.2595297429822456,0.0
3004,0.322,0.0,0.0,0.0,0.322,2.953629742982246,0.0
3005,0.322,0.034840790420749584,0.0001592095792504189,0.0,0.2871592095792504,2.680828493881958,0.0
3006,0.322,0.23691737486109718,0.0010826251389028374,0.0,0.08508262513890283,2.6,0.0
3007,0.322,0.46152871817860014,0.0844712818213999,0.13952871817860013,0.0,2.73255228226967,0.0
3008,0.395,1.0382555545383374,0.0047444454616625276,0.6432555545383374,0.0,3.34364505908109,0.0
3009,0.322,1.5329947785129816,0.0070052214870184315,1.2109947785129815,0.0,4.494090098668423,0.0
3010,0.322,0.322,1.7359999999999998,0.0,0.0,4.494090098668423,0.0
3011,0.322,0.322,2.044,0.0,0.0,4.494090098668423,0.0
3012,0.322,0.322,2.282,0.0,0.0,4.494090098668423,0.0
3013,0.322,0.322,2.464,0.0,0.0,4.494090098668423,0.0
3014,0.322,0.322,2.275,0.0,0.0,4.494090098668423,0.0
3015,0.995,2.4040145390317216,0.01098546096827846,1.4090145390317212,0.0,5.832653910748559,0.0
3016,0.422,2.0834792671608247,0.009520732839175317,1.6614792671608247,0.0,7.411059214551342,0.0
3017,0.422,0.422,1.1600000000000001,0.0,0.0,7.411059214551342,0.0
3018,2.422,0.9894784479492881,0.004521552050711808,0.0,1.4325215520507122,6.050163740103166,0.0
3019,0.422,0.422,0.04700000000000004,0.0,0.0,6.050163740103166,0.0
3020,0.495,0.2020765844403476,0.0009234155596524185,0.0,0.2929234155596524,5.771886495321497,0.0
3021,0.422,0.006968158084149917,3.184191585008274e-5,0.0,0.4150318419158501,5.377606245501439,0.0
3022,0.422,0.0,0.0,0.0,0.422,4.976706245501439,0.0
3023,0.422,0.0,0.0,0.0,0.422,4.575806245501439,0.0
3024,0.322,0.0,0.0,0.0,0.322,4.2699062455014385,0.0
3025,0.322,0.0,0.0,0.0,0.322,3.9640062455014387,0.0
3026,0.322,0.0,0.0,0.0,0.322,3.658106245501439,0.0
3027,0.322,0.0,0.0,0.0,0.322,3.352206245501439,0.0
3028,0.322,0.0,0.0,0.0,0.322,3.046306245501439,0.0
3029,0.322,0.013936316168299835,6.368383170016548e-5,0.0,0.3080636838317002,2.7536457458613244,0.0
3030,0.322,0.1602676359354481,0.0007323640645519047,0.0,0.1617323640645519,2.6,0.0
3031,0.322,0.322,0.063,0.0,0.0,2.6,0.0
3032,0.395,0.395,0.33299999999999996,0.0,0.0,2.6,0.0
3033,0.322,0.322,0.7489999999999999,0.0,0.0,2.6,0.0
3034,0.322,1.3657589844933837,0.006241015506616376,1.0437589844933837,0.0,3.5915710352687147,0.0
3035,0.322,0.322,1.3719999999999999,0.0,0.0,3.5915710352687147,0.0
3036,0.322,0.322,1.8199999999999998,0.0,0.0,3.5915710352687147,0.0
3037,0.322,2.3273648001060723,0.010635199893927805,2.005364800106072,0.0,5.496667595369483,0.0
3038,0.322,1.905976143423575,0.341023856576425,1.5839761434235748,0.0,7.001444931621879,0.0
3039,0.995,0.995,0.9650000000000002,0.0,0.0,7.001444931621879,0.0
3040,0.422,0.422,1.209,0.0,0.0,7.001444931621879,0.0
3041,0.422,1.1358097677164365,0.005190232283563523,0.7138097677164364,0.0,7.679564210952494,0.0
3042,2.422,0.7386247569198912,0.0033752430801088362,0.0,1.683375243080109,6.08035773002639,0.0
3043,0.422,0.3971850107965453,0.0018149892034547421,0.0,0.024814989203454717,6.056783490283108,0.0
3044,0.495,0.14633131976714828,0.0006686802328517427,0.0,0.3486686802328517,5.7255482440619,0.0
3045,0.422,0.006968158084149917,3.184191585008274e-5,0.0,0.4150318419158501,5.331267994241843,0.0
3046,0.422,0.0,0.0,0.0,0.422,4.930367994241843,0.0
3047,0.422,0.0,0.0,0.0,0.422,4.529467994241843,0.0
3048,0.322,0.0,0.0,0.0,0.322,4.223567994241843,0.0
3049,0.322,0.0,0.0,0.0,0.322,3.917667994241842,0.0
3050,0.322,0.0,0.0,0.0,0.322,3.611767994241842,0.0
3051,0.322,0.0,0.0,0.0,0.322,3.3058679942418423,0.0
3052,0.322,0.0,0.0,0.0,0.322,2.9999679942418425,0.0
3053,0.322,0.02787263233659967,0.00012736766340033095,0.0,0.2941273676634003,2.720546994961612,0.0
3054,0.322,0.19510842635619766,0.0008915736438023514,0.0,0.12689157364380235,2.6,0.0
3055,0.322,0.322,0.15400000000000003,0.0,0.0,2.6,0.0
3056,0.395,0.395,0.627,0.0,0.0,2.6,0.0
3057,0.322,0.322,1.442,0.0,0.0,2.6,0.0
3058,0.322,0.322,2.2889999999999997,0.0,0.0,2.6,0.0
3059,0.322,2.922,0.42399999999999993,2.6,0.0,5.07,0.0
3060,0.322,2.922,0.669,2.6,0.0,7.54,0.0
3061,0.322,2.100947368421052,1.5460526315789482,1.7789473684210522,0.0,9.23,0.0
3062,0.322,2.922,0.7319999999999998,2.6,0.0,11.7,0.0
3063,0.995,0.995,2.141,0.0,0.0,11.7,0.0
3064,0.422,0.422,2.161,0.0,0.0,11.7,0.0
3065,0.422,0.422,1.3070000000000002,0.0,0.0,11.7,0.0
3066,2.422,1.0173510802858878,0.004648919714112187,0.0,1.4046489197141123,10.365583526271593,0.0
3067,0.422,0.422,0.04700000000000004,0.0,0.0,10.365583526271593,0.0
3068,0.495,0.22298105869279736,0.0010189413072026476,0.0,0.27201894130720267,10.10716553202975,0.0
3069,0.422,0.02090447425244975,9.552574755024995e-5,0.0,0.4010955257475502,9.726124782569576,0.0
3070,0.422,0.0,0.0,0.0,0.422,9.325224782569576,0.0
3071,0.422,0.0,0.0,0.0,0.422,8.924324782569576,0.0
3072,0.322,0.0,0.0,0.0,0.322,8.618424782569576,0.0
3073,0.322,0.0,0.0,0.0,0.322,8.312524782569577,0.0
3074,0.322,0.0,0.0,0.0,0.322,8.006624782569578,0.0
3075,0.322,0.0,0.0,0.0,0.322,7.700724782569577,0.0
3076,0.322,0.0,0.0,0.0,0.322,7.394824782569577,0.0
3077,0.322,0.07664973892564908,0.0003502610743509188,0.0,0.24535026107435093,7.1617420345489435,0.0
3078,0.322,0.31356711378674623,0.00143288621325377,0.0,0.008432886213253757,7.1537307926463525,0.0
3079,0.322,0.322,0.301,0.0,0.0,7.1537307926463525,0.0
3080,0.395,1.0661281868749373,0.004871813125062685,0.6711281868749372,0.0,7.791302570177543,0.0
3081,0.322,1.4563450395873323,0.006654960412667554,1.1343450395873322,0.0,8.868930357785509,0.0
3082,0.322,0.322,1.442,0.0,0.0,8.868930357785509,0.0
3083,0.322,0.322,1.568,0.0,0.0,8.868930357785509,0.0
3084,0.322,0.322,1.7289999999999996,0.0,0.0,8.868930357785509,0.0
3085,0.322,0.7199379577482576,1.1000620422517424,0.3979379577482577,0.0,9.246971417646355,0.0
3086,0.322,1.4075679329982833,0.006432067001716835,1.0855679329982832,0.0,10.278260953994721,0.0
3087,0.995,0.8779879186028896,0.004012081397110401,0.0,0.11701208139711038,10.167099476667468,0.0
3088,0.422,0.422,0.1660000000000001,0.0,0.0,10.167099476667468,0.0
3089,0.422,0.3832486946282454,0.0017513053717546079,0.0,0.038751305371754564,10.130285736564302,0.0
3090,2.422,0.22298105869279736,0.0010189413072026476,0.0,2.1990189413072025,8.04121774232246,0.0
3091,0.422,0.10452237126224875,0.0004776287377512428,0.0,0.3174776287377512,7.739613995021594,0.0
3092,0.495,0.02787263233659967,0.00012736766340033095,0.0,0.4671273676634003,7.2958429957413635,0.0
3093,0.422,0.0,0.0,0.0,0.422,6.8949429957413635,0.0
3094,0.422,0.0,0.0,0.0,0.422,6.4940429957413635,0.0
3095,0.422,0.0,0.0,0.0,0.422,6.093142995741363,0.0
3096,0.322,0.0,0.0,0.0,0.322,5.787242995741362,0.0
3097,0.322,0.0,0.0,0.0,0.322,5.481342995741363,0.0
3098,0.322,0.0,0.0,0.0,0.322,5.175442995741362,0.0
3099,0.322,0.0,0.0,0.0,0.322,4.869542995741362,0.0
3100,0.322,0.0,0.0,0.0,0.322,4.563642995741361,0.0
3101,0.322,0.07664973892564908,0.0003502610743509188,0.0,0.24535026107435093,4.330560247720728,0.0
3102,0.322,0.2996307976184464,0.0013692023815535803,0.0,0.022369202381553602,4.309309505458253,0.0
3103,0.322,0.322,0.329,0.0,0.0,4.309309505458253,0.0
3104,0.395,1.595708201270331,0.007291798729669008,1.200708201270331,0.0,5.449982296665066,0.0
3105,0.322,0.322,2.219,0.0,0.0,5.449982296665066,0.0
3106,0.322,2.922,0.242,2.6,0.0,7.919982296665067,0.0
3107,0.322,0.322,3.339,0.0,0.0,7.919982296665067,0.0
3108,0.322,0.322,3.3810000000000002,0.0,0.0,7.919982296665067,0.0
3109,0.322,0.322,3.122,0.0,0.0,7.919982296665067,0.0
3110,0.322,2.922,0.19300000000000006,2.6,0.0,10.389982296665067,0.0
3111,0.995,0.995,1.35,0.0,0.0,10.389982296665067,0.0
3112,0.422,0.422,1.006,0.0,0.0,10.389982296665067,0.0
3113,0.422,0.422,0.502,0.0,0.0,10.389982296665067,0.0
3114,2.422,0.5574526467319934,0.0025473532680067024,0.0,1.8645473532680068,8.61866231106046,0.0
3115,0.422,0.28569448145014664,0.0013055185498533906,0.0,0.13630551854985332,8.489172068438101,0.0
3116,0.495,0.09058605509394892,0.0004139449060510808,0.0,0.40441394490605115,8.104978820777351,0.0
3117,0.422,0.0,0.0,0.0,0.422,7.70407882077735,0.0
3118,0.422,0.0,0.0,0.0,0.422,7.30317882077735,0.0
3119,0.422,0.0,0.0,0.0,0.422,6.90227882077735,0.0
3120,0.322,0.0,0.0,0.0,0.322,6.59637882077735,0.0
3121,0.322,0.0,0.0,0.0,0.322,6.290478820777349,0.0
3122,0.322,0.0,0.0,0.0,0.322,5.984578820777349,0.0
3123,0.322,0.0,0.0,0.0,0.322,5.678678820777349,0.0
3124,0.322,0.0,0.0,0.0,0.322,5.372778820777349,0.0
3125,0.322,0.0,0.0,0.0,0.322,5.066878820777348,0.0
3126,0.322,0.0418089485048995,0.0001910514951004999,0.0,0.2801910514951005,4.800697321857003,0.0
3127,0.322,0.1323950035988484,0.0006049964011516085,0.0,0.1896049964011516,4.62057257527591,0.0
3128,0.395,0.2578218491135469,0.001178150886453122,0.0,0.1371781508864531,4.490253331933779,0.0
3129,0.322,0.322,0.10499999999999998,0.0,0.0,4.490253331933779,0.0
3130,0.322,0.322,0.23800000000000004,0.0,0.0,4.490253331933779,0.0
3131,0.322,0.322,0.518,0.0,0.0,4.490253331933779,0.0
3132,0.322,0.9685739736968385,0.004426026303161579,0.6465739736968384,0.0,5.104498606945776,0.0
3133,0.322,0.322,1.036,0.0,0.0,5.104498606945776,0.0
3134,0.322,1.4563450395873323,0.006654960412667554,1.1343450395873322,0.0,6.182126394553741,0.0
3135,0.995,1.4354405653348827,0.006559434665117214,0.4404405653348828,0.0,6.60054493162188,0.0
3136,0.422,0.422,0.9500000000000002,0.0,0.0,6.60054493162188,0.0
3137,0.422,1.1567142419688863,0.005285758031113863,0.7347142419688864,0.0,7.298523461492322,0.0
3138,2.422,0.83617897009799,0.0038210299020099425,0.0,1.5858210299020103,5.791993483085412,0.0
3139,0.422,0.422,0.07499999999999996,0.0,0.0,5.791993483085412,0.0
3140,0.495,0.22994921677694724,0.0010507832230527703,0.0,0.2650507832230527,5.540195239023512,0.0
3141,0.422,0.034840790420749584,0.0001592095792504189,0.0,0.3871592095792504,5.172393989923224,0.0
3142,0.422,0.0,0.0,0.0,0.422,4.771493989923224,0.0
3143,0.422,0.0,0.0,0.0,0.422,4.370593989923224,0.0
3144,0.322,0.0,0.0,0.0,0.322,4.0646939899232235,0.0
3145,0.322,0.0,0.0,0.0,0.322,3.758793989923224,0.0
3146,0.322,0.0,0.0,0.0,0.322,3.4528939899232243,0.0
3147,0.322,0.0,0.0,0.0,0.322,3.1469939899232244,0.0
3148,0.322,0.0,0.0,0.0,0.322,2.8410939899232246,0.0
3149,0.322,0.07664973892564908,0.0003502610743509188,0.0,0.24535026107435093,2.608011241902591,0.0
3150,0.322,0.3135671137867463,0.0014328862132537146,0.0,0.008432886213253757,2.6,0.0
3151,0.322,0.6550068599100922,0.0029931400899078087,0.33300685991009216,0.0,2.9163565169145875,0.0
3152,0.395,0.395,0.9279999999999999,0.0,0.0,2.9163565169145875,0.0
3153,0.322,1.9162434731412272,0.00875652685877304,1.5942434731412272,0.0,4.430887816398753,0.0
3154,0.322,2.696677178566018,0.01232282143398189,2.374677178566018,0.0,6.68683113603647,0.0
3155,0.322,2.256767885329324,0.9842321146706761,1.9347678853293242,0.0,8.52486062709933,0.0
3156,0.322,0.322,3.129,0.0,0.0,8.52486062709933,0.0
3157,0.322,0.322,3.15,0.0,0.0,8.52486062709933,0.0
3158,0.322,0.322,2.723,0.0,0.0,8.52486062709933,0.0
3159,0.995,2.6688045462294183,0.012195453770581732,1.673804546229418,0.0,10.114974946017275,0.0
3160,0.422,2.090447425244975,0.009552574755025134,1.668447425244975,0.0,11.7,0.0
3161,0.422,0.422,1.195,0.0,0.0,11.7,0.0
3162,2.422,0.9407013413602389,0.004298658639761199,0.0,1.4812986586397614,10.292766274292227,0.0
3163,0.422,0.47383474972219436,0.002165250277805675,0.05183474972219438,0.0,10.34200928652831,0.0
3164,0.495,0.19510842635619766,0.0008915736438023514,0.0,0.2998915736438023,10.057112291566696,0.0
3165,0.422,0.02787263233659967,0.00012736766340033095,0.0,0.3941273676634003,9.682691292286469,0.0
3166,0.422,0.0,0.0,0.0,0.422,9.281791292286469,0.0
3167,0.422,0.0,0.0,0.0,0.422,8.880891292286469,0.0
3168,0.322,0.0,0.0,0.0,0.322,8.57499129228647,0.0
3169,0.322,0.0,0.0,0.0,0.322,8.26909129228647,0.0
3170,0.322,0.0,0.0,0.0,0.322,7.963191292286469,0.0
3171,0.322,0.0,0.0,0.0,0.322,7.657291292286469,0.0
3172,0.322,0.0,0.0,0.0,0.322,7.351391292286468,0.0
3173,0.322,0.06968158084149917,0.0003184191585008378,0.0,0.25231841915850084,7.111688794085892,0.0
3174,0.322,0.29266263953429655,0.0013373604657034854,0.0,0.02933736046570347,7.083818301643474,0.0
3175,0.322,0.322,0.287,0.0,0.0,7.083818301643474,0.0
3176,0.395,0.395,0.627,0.0,0.0,7.083818301643474,0.0
3177,0.322,0.322,1.162,0.0,0.0,7.083818301643474,0.0
3178,0.322,2.1322563737498745,0.00974362625012537,1.8102563737498745,0.0,8.803561856705857,0.0
3179,0.322,0.322,1.694,0.0,0.0,8.803561856705857,0.0
3180,0.322,0.322,2.009,0.0,0.0,8.803561856705857,0.0
3181,0.322,0.322,2.9749999999999996,0.0,0.0,8.803561856705857,0.0
3182,0.322,0.322,2.499,0.0,0.0,8.803561856705857,0.0
3183,0.995,0.995,1.1189999999999998,0.0,0.0,8.803561856705857,0.0
3184,0.422,2.062574792908375,0.009425207091624976,1.6405747929083754,0.0,10.362107909968813,0.0
3185,0.422,0.422,1.1600000000000001,0.0,0.0,10.362107909968813,0.0
3186,2.422,1.0591600287907872,0.004839971209212868,0.0,1.362839971209213,9.06740993732006,0.0
3187,0.422,0.5156436982270938,0.002356301772906244,0.09364369822709386,0.0,9.156371450635799,0.0
3188,0.495,0.2787263233659967,0.0012736766340033512,0.0,0.21627367663400332,8.950911457833495,0.0
3189,0.422,0.05574526467319934,0.0002547353268006619,0.0,0.3662547353268007,8.602969459273034,0.0
3190,0.422,0.0,0.0,0.0,0.422,8.202069459273034,0.0
3191,0.422,0.0,0.0,0.0,0.422,7.801169459273036,0.0
3192,0.322,0.0,0.0,0.0,0.322,7.495269459273036,0.0
3193,0.322,0.0,0.0,0.0,0.322,7.189369459273036,0.0
3194,0.322,0.0,0.0,0.0,0.322,6.883469459273035,0.0
3195,0.322,0.0,0.0,0.0,0.322,6.577569459273035,0.0
3196,0.322,0.0,0.0,0.0,0.322,6.271669459273035,0.0
3197,0.322,0.006968158084149917,3.184191585008274e-5,0.0,0.3150318419158501,5.9723892094529765,0.0
3198,0.322,0.06271342275734924,0.0002865772426507568,0.0,0.25928657724265075,5.726066961072458,0.0
3199,0.322,0.2090447425244975,0.0009552574755024856,0.0,0.11295525747550252,5.618759466470731,0.0
3200,0.395,0.395,0.15100000000000002,0.0,0.0,5.618759466470731,0.0
3201,0.322,1.2403321389786852,0.0056678610213147795,0.9183321389786852,0.0,6.491174998500481,0.0
3202,0.322,0.322,2.198,0.0,0.0,6.491174998500481,0.0
3203,0.322,1.477006043855438,2.099993956144562,1.155006043855438,0.0,7.5884307401631474,0.0
3204,0.322,0.322,3.6819999999999995,0.0,0.0,7.5884307401631474,0.0
3205,0.322,2.922,1.1799999999999993,2.6,0.0,10.058430740163146,0.0
3206,0.322,0.322,3.1079999999999997,0.0,0.0,10.058430740163146,0.0
3207,0.995,1.6166126755227808,0.007387324477219348,0.6216126755227808,0.0,10.64896278190979,0.0
3208,0.422,1.0312873964541875,0.004712603545812488,0.6092873964541876,0.0,11.227785808541267,0.0
3209,0.422,0.49473922397464404,0.002260776025355904,0.07273922397464404,0.0,11.296888071317177,0.0
3210,2.422,0.2647900071976968,0.001209992802303217,0.0,2.157209992802303,9.24753857815499,0.0
3211,0.422,0.10452237126224875,0.0004776287377512428,0.0,0.3174776287377512,8.945934830854124,0.0
3212,0.495,0.02090447425244975,9.552574755024995e-5,0.0,0.4740955257475502,8.495544081393952,0.0
3213,0.422,0.0,0.0,0.0,0.422,8.094644081393952,0.0
3214,0.422,0.0,0.0,0.0,0.422,7.6937440813939535,0.0
3215,0.422,0.0,0.0,0.0,0.422,7.2928440813939535,0.0
3216,0.322,0.0,0.0,0.0,0.322,6.986944081393953,0.0
3217,0.322,0.0,0.0,0.0,0.322,6.681044081393953,0.0
3218,0.322,0.0,0.0,0.0,0.322,6.375144081393953,0.0
3219,0.322,0.0,0.0,0.0,0.322,6.069244081393952,0.0
3220,0.322,0.0,0.0,0.0,0.322,5.763344081393952,0.0
3221,0.322,0.013936316168299835,6.368383170016548e-5,0.0,0.3080636838317002,5.470683581753837,0.0
3222,0.322,0.10452237126224875,0.0004776287377512428,0.0,0.21747762873775128,5.264079834452974,0.0
3223,0.322,0.22298105869279736,0.0010189413072026476,0.0,0.09901894130720268,5.170011840211131,0.0
3224,0.395,0.39021685271239537,0.0017831472876046472,0.0,0.00478314728760467,5.165467850287906,0.0
3225,0.322,0.6271342275734926,0.002865772426507429,0.3051342275734925,0.0,5.4553453664827245,0.0
3226,0.322,0.9685739736968385,0.004426026303161579,0.6465739736968384,0.0,6.069590641494721,0.0
3227,0.322,0.322,1.057,0.0,0.0,6.069590641494721,0.0
3228,0.322,0.322,1.505,0.0,0.0,6.069590641494721,0.0
3229,0.322,0.322,1.96,0.0,0.0,6.069590641494721,0.0
3230,0.322,0.322,2.6109999999999998,0.0,0.0,6.069590641494721,0.0
3231,0.995,2.4876324360415203,0.011367563958479376,1.4926324360415197,0.0,7.487591455734165,0.0
3232,0.422,0.422,1.104,0.0,0.0,7.487591455734165,0.0
3233,0.422,0.422,0.6910000000000001,0.0,0.0,7.487591455734165,0.0
3234,2.422,0.7386247569198912,0.0033752430801088362,0.0,1.683375243080109,5.888384974808061,0.0
3235,0.422,0.3762805365440955,0.001719463455904513,0.0,0.04571946345590448,5.844951484524952,0.0
3236,0.495,0.15329947785129816,0.0007005221487018376,0.0,0.34170052214870184,5.5203359884836845,0.0
3237,0.422,0.0418089485048995,0.0001910514951004999,0.0,0.38019105149510046,5.15915448956334,0.0
3238,0.422,0.0,0.0,0.0,0.422,4.75825448956334,0.0
3239,0.422,0.0,0.0,0.0,0.422,4.35735448956334,0.0
3240,0.322,0.0,0.0,0.0,0.322,4.05145448956334,0.0
3241,0.322,0.0,0.0,0.0,0.322,3.7455544895633395,0.0
3242,0.322,0.0,0.0,0.0,0.322,3.4396544895633396,0.0
3243,0.322,0.0,0.0,0.0,0.322,3.13375448956334,0.0
3244,0.322,0.0,0.0,0.0,0.322,2.82785448956334,0.0
3245,0.322,0.09755421317809883,0.0004457868219011757,0.0,0.22444578682190117,2.614630992082534,0.0
3246,0.322,0.3065989557025963,0.0014010442974036752,0.0,0.01540104429740368,2.6,0.0
3247,0.322,0.322,0.308,0.0,0.0,2.6,0.0
3248,0.395,1.2891092455677347,0.005890754432265277,0.8941092455677345,0.0,3.449403783289348,0.0
3249,0.322,2.1949697965072237,0.01003020349277639,1.8729697965072236,0.0,5.22872508997121,0.0
3250,0.322,0.8947500694514551,2.234249930548545,0.5727500694514551,0.0,5.7728376559500925,0.0
3251,0.322,0.322,3.5840000000000005,0.0,0.0,5.7728376559500925,0.0
3252,0.322,2.922,1.3829999999999996,2.6,0.0,8.242837655950092,0.0
3253,0.322,0.322,4.382000000000001,0.0,0.0,8.242837655950092,0.0
3254,0.322,0.322,3.99,0.0,0.0,8.242837655950092,0.0
3255,0.995,0.995,2.512,0.0,0.0,8.242837655950092,0.0
3256,0.422,2.7593906013233673,0.01260939867663291,2.337390601323367,0.0,10.463358727207291,0.0
3257,0.422,0.422,1.587,0.0,0.0,10.463358727207291,0.0
3258,2.422,1.2194276647262352,0.005572335273764661,0.0,1.202572335273765,9.320915008697215,0.0
3259,0.422,0.4250576431331449,0.0019423568668550661,0.003057643133144921,0.0,9.323819769673703,0.0
3260,0.495,0.27175816528184676,0.0012418347181532563,0.0,0.2232418347181532,9.111740026691457,0.0
3261,0.422,0.07664973892564908,0.0003502610743509188,0.0,0.3453502610743509,8.783657278670823,0.0
3262,0.422,0.0,0.0,0.0,0.422,8.382757278670823,0.0
3263,0.422,0.0,0.0,0.0,0.422,7.981857278670823,0.0
3264,0.322,0.0,0.0,0.0,0.322,7.675957278670823,0.0
3265,0.322,0.0,0.0,0.0,0.322,7.3700572786708225,0.0
3266,0.322,0.0,0.0,0.0,0.322,7.064157278670822,0.0
3267,0.322,0.0,0.0,0.0,0.322,6.758257278670822,0.0
3268,0.322,0.0,0.0,0.0,0.322,6.452357278670822,0.0
3269,0.322,0.11845868743054859,0.0005413125694514187,0.0,0.2035413125694514,6.258993031729843,0.0
3270,0.322,0.29266263953429655,0.0013373604657034854,0.0,0.02933736046570347,6.2311225392874245,0.0
3271,0.322,0.322,0.301,0.0,0.0,6.2311225392874245,0.0
3272,0.395,0.395,1.376,0.0,0.0,6.2311225392874245,0.0
3273,0.322,2.912690079174665,0.013309920825334665,2.590690079174665,0.0,8.692278114503356,0.0
3274,0.322,0.322,3.5140000000000002,0.0,0.0,8.692278114503356,0.0
3275,0.322,0.322,4.2,0.0,0.0,8.692278114503356,0.0
3276,0.322,0.322,4.48,0.0,0.0,8.692278114503356,0.0
3277,0.322,0.322,4.577999999999999,0.0,0.0,8.692278114503356,0.0
3278,0.322,0.322,4.55,0.0,0.0,8.692278114503356,0.0
3279,0.995,0.995,3.3869999999999996,0.0,0.0,8.692278114503356,0.0
3280,0.422,0.422,3.1759999999999997,0.0,0.0,8.692278114503356,0.0
3281,0.422,2.5294413845464194,0.0115586154535805,2.1074413845464193,0.0,10.694347429822454,0.0
3282,2.422,1.3239500359884842,0.006049964011515918,0.0,1.098049964011516,9.651199964011514,0.0
3283,0.422,0.3135671137867463,0.0014328862132537146,0.0,0.10843288621325374,9.548188722108923,0.0
3284,0.495,0.22298105869279736,0.0010189413072026476,0.0,0.27201894130720267,9.289770727867081,0.0
3285,0.422,0.083617897009799,0.0003821029902009998,0.0,0.338382102990201,8.96830773002639,0.0
3286,0.422,0.0,0.0,0.0,0.422,8.56740773002639,0.0
3287,0.422,0.0,0.0,0.0,0.422,8.16650773002639,0.0
3288,0.322,0.0,0.0,0.0,0.322,7.860607730026392,0.0
3289,0.322,0.0,0.0,0.0,0.322,7.554707730026392,0.0
3290,0.322,0.0,0.0,0.0,0.322,7.248807730026392,0.0
3291,0.322,0.0,0.0,0.0,0.322,6.942907730026391,0.0
3292,0.322,0.0,0.0,0.0,0.322,6.637007730026391,0.0
3293,0.322,0.11845868743054859,0.0005413125694514187,0.0,0.2035413125694514,6.443643483085412,0.0
3294,0.322,0.322,0.007000000000000006,0.0,0.0,6.443643483085412,0.0
3295,0.322,0.6550068599100922,0.0029931400899078087,0.33300685991009216,0.0,6.76,0.0
3296,0.395,0.395,1.0190000000000001,0.0,0.0,6.76,0.0
3297,0.322,0.322,1.939,0.0,0.0,6.76,0.0
3298,0.322,0.322,2.814,0.0,0.0,6.76,0.0
3299,0.322,0.322,3.808,0.0,0.0,6.76,0.0
3300,0.322,0.322,4.5009999999999994,0.0,0.0,6.76,0.0
3301,0.322,2.922,2.118,2.6,0.0,9.23,0.0
3302,0.322,0.322,4.508,0.0,0.0,9.23,0.0
3303,0.995,3.595,0.7029999999999998,2.6,0.0,11.7,0.0
3304,0.422,0.422,3.05,0.0,0.0,11.7,0.0
3305,0.422,0.422,1.9510000000000003,0.0,0.0,11.7,0.0
3306,2.422,1.2333639808945351,0.00563601910546474,0.0,1.188636019105465,10.570795781849808,0.0
3307,0.422,0.4459621173855947,0.0020378826144052953,0.02396211738559469,0.0,10.593559793366122,0.0
3308,0.495,0.27175816528184676,0.0012418347181532563,0.0,0.2232418347181532,10.381480050383875,0.0
3309,0.422,0.06968158084149917,0.0003184191585008378,0.0,0.3523184191585008,10.046777552183299,0.0
3310,0.422,0.0,0.0,0.0,0.422,9.645877552183299,0.0
3311,0.422,0.0,0.0,0.0,0.422,9.244977552183299,0.0
3312,0.322,0.0,0.0,0.0,0.322,8.9390775521833,0.0
3313,0.322,0.0,0.0,0.0,0.322,8.6331775521833,0.0
3314,0.322,0.0,0.0,0.0,0.322,8.3272775521833,0.0
3315,0.322,0.0,0.0,0.0,0.322,8.021377552183301,0.0
3316,0.322,0.0,0.0,0.0,0.322,7.715477552183301,0.0
3317,0.322,0.13936316168299834,0.0006368383170016756,0.0,0.18263683831700167,7.541972555782149,0.0
3318,0.322,0.29266263953429655,0.0013373604657034854,0.0,0.02933736046570347,7.514102063339731,0.0
3319,0.322,0.322,0.04199999999999998,0.0,0.0,7.514102063339731,0.0
3320,0.395,0.395,0.20699999999999996,0.0,0.0,7.514102063339731,0.0
3321,0.322,0.322,0.742,0.0,0.0,7.514102063339731,0.0
3322,0.322,0.322,0.7909999999999999,0.0,0.0,7.514102063339731,0.0
3323,0.322,0.8779879186028896,0.004012081397110401,0.5559879186028895,0.0,8.042290586012475,0.0
3324,0.322,0.8292108120138401,0.003789187986159903,0.50721081201384,0.0,8.524140857425625,0.0
3325,0.322,0.8570834443504398,0.003916555649560172,0.5350834443504398,0.0,9.032470129558542,0.0
3326,0.322,1.0243192383700377,0.004680761629962227,0.7023192383700376,0.0,9.699673406010078,0.0
3327,0.995,0.995,1.0559999999999996,0.0,0.0,9.699673406010078,0.0
3328,0.422,0.422,1.8670000000000002,0.0,0.0,9.699673406010078,0.0
3329,0.422,0.422,1.3910000000000002,0.0,0.0,9.699673406010078,0.0
3330,2.422,1.1427779258005866,0.005222074199413562,0.0,1.2792220741994136,8.484412435520634,0.0
3331,0.422,0.5644208048161433,0.0025791951838567417,0.14242080481614333,0.0,8.61971220009597,0.0
3332,0.495,0.3065989557025963,0.0014010442974036752,0.0,0.18840104429740365,8.440731208013435,0.0
3333,0.422,0.07664973892564908,0.0003502610743509188,0.0,0.3453502610743509,8.112648459992803,0.0
3334,0.422,0.0,0.0,0.0,0.422,7.711748459992804,0.0
3335,0.422,0.0,0.0,0.0,0.422,7.310848459992804,0.0
3336,0.322,0.0,0.0,0.0,0.322,7.004948459992804,0.0
3337,0.322,0.0,0.0,0.0,0.322,6.699048459992803,0.0
3338,0.322,0.0,0.0,0.0,0.322,6.393148459992803,0.0
3339,0.322,0.0,0.0,0.0,0.322,6.087248459992803,0.0
3340,0.322,0.0,0.0,0.0,0.322,5.7813484599928024,0.0
3341,0.322,0.13936316168299834,0.0006368383170016756,0.0,0.18263683831700167,5.60784346359165,0.0
3342,0.322,0.322,0.02100000000000002,0.0,0.0,5.60784346359165,0.0
3343,0.322,0.6619750179942421,0.003024982005757959,0.33997501799424207,0.0,5.93081973068618,0.0
3344,0.395,0.395,1.208,0.0,0.0,5.93081973068618,0.0
3345,0.322,0.322,2.268,0.0,0.0,5.93081973068618,0.0
3346,0.322,0.322,2.968,0.0,0.0,5.93081973068618,0.0
3347,0.322,0.322,3.3810000000000002,0.0,0.0,5.93081973068618,0.0
3348,0.322,0.322,3.486,0.0,0.0,5.93081973068618,0.0
3349,0.322,0.322,3.6189999999999998,0.0,0.0,5.93081973068618,0.0
3350,0.322,0.322,3.5280000000000005,0.0,0.0,5.93081973068618,0.0
3351,0.995,0.995,2.617,0.0,0.0,5.93081973068618,0.0
3352,0.422,0.422,2.4269999999999996,0.0,0.0,5.93081973068618,0.0
3353,0.422,2.1461926899181742,0.009807310081825893,1.7241926899181748,0.0,7.568802786108446,0.0
3354,2.422,1.2542684551469852,0.005731544853014858,0.0,1.167731544853015,6.459457818498082,0.0
3355,0.422,0.4041531688806952,0.001846831119304837,0.0,0.017846831119304792,6.442503328934742,0.0
3356,0.495,0.27175816528184676,0.0012418347181532563,0.0,0.2232418347181532,6.230423585952497,0.0
3357,0.422,0.10452237126224875,0.0004776287377512428,0.0,0.3174776287377512,5.928819838651633,0.0
3358,0.422,0.0,0.0,0.0,0.422,5.527919838651633,0.0
3359,0.422,0.0,0.0,0.0,0.422,5.127019838651633,0.0
3360,0.322,0.0,0.0,0.0,0.322,4.821119838651633,0.0
3361,0.322,0.0,0.0,0.0,0.322,4.515219838651633,0.0
3362,0.322,0.0,0.0,0.0,0.322,4.209319838651632,0.0
3363,0.322,0.0,0.0,0.0,0.322,3.9034198386516326,0.0
3364,0.322,0.0,0.0,0.0,0.322,3.5975198386516327,0.0
3365,0.322,0.09755421317809883,0.0004457868219011757,0.0,0.22444578682190117,3.384296341170827,0.0
3366,0.322,0.3065989557025963,0.0014010442974036752,0.0,0.01540104429740368,3.3696653490882933,0.0
3367,0.322,0.322,0.322,0.0,0.0,3.3696653490882933,0.0
3368,0.395,0.395,0.732,0.0,0.0,3.3696653490882933,0.0
3369,0.322,0.322,1.351,0.0,0.0,3.3696653490882933,0.0
3370,0.322,2.1392245318340244,0.009775468165975632,1.8172245318340245,0.0,5.096028654330617,0.0
3371,0.322,0.322,2.6109999999999998,0.0,0.0,5.096028654330617,0.0
3372,0.322,0.322,3.388,0.0,0.0,5.096028654330617,0.0
3373,0.322,2.922,1.2079999999999997,2.6,0.0,7.5660286543306166,0.0
3374,0.322,0.322,2.94,0.0,0.0,7.5660286543306166,0.0
3375,0.995,0.995,2.085,0.0,0.0,7.5660286543306166,0.0
3376,0.422,0.422,2.2239999999999998,0.0,0.0,7.5660286543306166,0.0
3377,0.422,0.422,1.6569999999999998,0.0,0.0,7.5660286543306166,0.0
3378,2.422,1.1636824000530361,0.005317599946963902,0.0,1.258317599946964,6.370626934381001,0.0
3379,0.422,0.422,0.11000000000000004,0.0,0.0,6.370626934381001,0.0
3380,0.495,0.29266263953429655,0.0013373604657034854,0.0,0.20233736046570347,6.1784064419385825,0.0
3381,0.422,0.083617897009799,0.0003821029902009998,0.0,0.338382102990201,5.856943444097891,0.0
3382,0.422,0.0,0.0,0.0,0.422,5.456043444097891,0.0
3383,0.422,0.0,0.0,0.0,0.422,5.055143444097891,0.0
3384,0.322,0.0,0.0,0.0,0.322,4.749243444097891,0.0
3385,0.322,0.0,0.0,0.0,0.322,4.4433434440978905,0.0
3386,0.322,0.0,0.0,0.0,0.322,4.13744344409789,0.0
3387,0.322,0.0,0.0,0.0,0.322,3.83154344409789,0.0
3388,0.322,0.006968158084149917,3.184191585008274e-5,0.0,0.3150318419158501,3.5322631942778324,0.0
3389,0.322,0.13936316168299834,0.0006368383170016756,0.0,0.18263683831700167,3.358758197876681,0.0
3390,0.322,0.322,0.063,0.0,0.0,3.358758197876681,0.0
3391,0.322,0.7037839664991417,0.0032160335008584173,0.38178396649914165,0.0,3.721452966050866,0.0
3392,0.395,1.2821410874835848,0.005858912516415238,0.8871410874835847,0.0,4.564236999160271,0.0
3393,0.322,1.6653897821118302,0.007610217888169846,1.3433897821118301,0.0,5.84045729216651,0.0
3394,0.322,1.839593734215578,0.008406265784422162,1.5175937342155779,0.0,7.28217133967131,0.0
3395,0.322,1.8117211018789783,0.008278898121021783,1.4897211018789782,0.0,8.69740638645634,0.0
3396,0.322,0.322,1.54,0.0,0.0,8.69740638645634,0.0
3397,0.322,0.322,1.617,0.0,0.0,8.69740638645634,0.0
3398,0.322,1.8535300503838779,0.008469949616122241,1.5315300503838778,0.0,10.152359934321021,0.0
3399,0.995,0.995,0.8670000000000001,0.0,0.0,10.152359934321021,0.0
3400,0.422,0.422,1.2790000000000001,0.0,0.0,10.152359934321021,0.0
3401,0.422,0.422,0.9710000000000001,0.0,0.0,10.152359934321021,0.0
3402,2.422,1.0173510802858878,0.004648919714112187,0.0,1.4046489197141123,8.817943460592614,0.0
3403,0.422,0.5574526467319934,0.0025473532680067024,0.13545264673199342,0.0,8.946623474988009,0.0
3404,0.495,0.29266263953429655,0.0013373604657034854,0.0,0.20233736046570347,8.754402982545589,0.0
3405,0.422,0.083617897009799,0.0003821029902009998,0.0,0.338382102990201,8.432939984704898,0.0
3406,0.422,0.0,0.0,0.0,0.422,8.032039984704898,0.0
3407,0.422,0.0,0.0,0.0,0.422,7.631139984704899,0.0
3408,0.322,0.0,0.0,0.0,0.322,7.325239984704899,0.0
3409,0.322,0.0,0.0,0.0,0.322,7.0193399847048985,0.0
3410,0.322,0.0,0.0,0.0,0.322,6.713439984704898,0.0
3411,0.322,0.0,0.0,0.0,0.322,6.407539984704898,0.0
3412,0.322,0.0,0.0,0.0,0.322,6.101639984704898,0.0
3413,0.322,0.07664973892564908,0.0003502610743509188,0.0,0.24535026107435093,5.868557236684264,0.0
3414,0.322,0.2020765844403476,0.0009234155596524185,0.0,0.11992341555965241,5.754629991902593,0.0
3415,0.322,0.3832486946282454,0.0017513053717546079,0.06124869462824541,0.0,5.812816251799427,0.0
3416,0.395,0.395,0.242,0.0,0.0,5.812816251799427,0.0
3417,0.322,0.322,0.6300000000000001,0.0,0.0,5.812816251799427,0.0
3418,0.322,0.322,0.8959999999999999,0.0,0.0,5.812816251799427,0.0
3419,0.322,1.421504249166583,0.006495750833416913,1.099504249166583,0.0,6.85734528850768,0.0
3420,0.322,0.322,1.162,0.0,0.0,6.85734528850768,0.0
3421,0.322,1.5469310946812815,0.00706890531871851,1.2249310946812815,0.0,8.021029828454896,0.0
3422,0.322,0.7625636333215426,0.9104363666784574,0.4405636333215426,0.0,8.439565280110363,0.0
3423,0.995,0.995,0.6849999999999999,0.0,0.0,8.439565280110363,0.0
3424,0.422,0.422,1.083,0.0,0.0,8.439565280110363,0.0
3425,0.422,1.2054913485579353,0.005508651442064583,0.7834913485579356,0.0,9.183882061240402,0.0
3426,2.422,0.8919242347711894,0.0040757652288105906,0.0,1.5300757652288108,7.730310084273031,0.0
3427,0.422,0.5435163305636935,0.0024836694363065126,0.12151633056369356,0.0,7.845750598308539,0.0
3428,0.495,0.29266263953429655,0.0013373604657034854,0.0,0.20233736046570347,7.653530105866121,0.0
3429,0.422,0.09058605509394892,0.0004139449060510808,0.0,0.3314139449060511,7.338686858205373,0.0
3430,0.422,0.0,0.0,0.0,0.422,6.9377868582053726,0.0
3431,0.422,0.0,0.0,0.0,0.422,6.5368868582053725,0.0
3432,0.322,0.0,0.0,0.0,0.322,6.230986858205372,0.0
3433,0.322,0.0,0.0,0.0,0.322,5.925086858205372,0.0
3434,0.322,0.0,0.0,0.0,0.322,5.619186858205372,0.0
3435,0.322,0.0,0.0,0.0,0.322,5.313286858205371,0.0
3436,0.322,0.013936316168299835,6.368383170016548e-5,0.0,0.3080636838317002,5.020626358565256,0.0
3437,0.322,0.17420395210374792,0.0007960478962520945,0.0,0.1477960478962521,4.8802201130638165,0.0
3438,0.322,0.322,0.09099999999999997,0.0,0.0,4.8802201130638165,0.0
3439,0.322,0.322,0.434,0.0,0.0,4.8802201130638165,0.0
3440,0.395,0.395,1.208,0.0,0.0,4.8802201130638165,0.0
3441,0.322,2.6269955977245187,0.012004402275481496,2.3049955977245187,0.0,7.06996593090211,0.0
3442,0.322,0.322,3.192,0.0,0.0,7.06996593090211,0.0
3443,0.322,0.322,3.066,0.0,0.0,7.06996593090211,0.0
3444,0.322,0.322,2.667,0.0,0.0,7.06996593090211,0.0
3445,0.322,0.322,2.415,0.0,0.0,7.06996593090211,0.0
3446,0.322,0.322,1.967,0.0,0.0,7.06996593090211,0.0
3447,0.995,0.995,0.45399999999999985,0.0,0.0,7.06996593090211,0.0
3448,0.422,1.1149052934639867,0.005094706536013405,0.6929052934639868,0.0,7.728225959692897,0.0
3449,0.422,0.7316565988357412,0.003343401164258797,0.3096565988357413,0.0,8.022399728586851,0.0
3450,2.422,0.3762805365440955,0.001719463455904513,0.0,2.0457194634559044,6.0789662383037415,0.0
3451,0.422,0.18814026827204774,0.0008597317279522565,0.0,0.23385973172795224,5.856799493162188,0.0
3452,0.495,0.083617897009799,0.0003821029902009998,0.0,0.411382102990201,5.465986495321498,0.0
3453,0.422,0.013936316168299835,6.368383170016548e-5,0.0,0.40806368383170016,5.078325995681381,0.0
3454,0.422,0.0,0.0,0.0,0.422,4.677425995681381,0.0
3455,0.422,0.0,0.0,0.0,0.422,4.276525995681381,0.0
3456,0.322,0.0,0.0,0.0,0.322,3.9706259956813814,0.0
3457,0.322,0.0,0.0,0.0,0.322,3.6647259956813816,0.0
3458,0.322,0.0,0.0,0.0,0.322,3.3588259956813817,0.0
3459,0.322,0.0,0.0,0.0,0.322,3.052925995681382,0.0
3460,0.322,0.006968158084149917,3.184191585008274e-5,0.0,0.3150318419158501,2.7536457458613244,0.0
3461,0.322,0.1602676359354481,0.0007323640645519047,0.0,0.1617323640645519,2.6,0.0
3462,0.322,0.322,0.10499999999999998,0.0,0.0,2.6,0.0
3463,0.322,0.322,0.441,0.0,0.0,2.6,0.0
3464,0.395,0.395,0.5850000000000001,0.0,0.0,2.6,0.0
3465,0.322,1.3866634587458335,0.0063365412541664945,1.0646634587458335,0.0,3.611430285808542,0.0
3466,0.322,0.322,1.6589999999999998,0.0,0.0,3.611430285808542,0.0
3467,0.322,0.322,2.45,0.0,0.0,3.611430285808542,0.0
3468,0.322,0.322,3.332,0.0,0.0,3.611430285808542,0.0
3469,0.322,2.922,0.8370000000000002,2.6,0.0,6.081430285808542,0.0
3470,0.322,2.922,0.347,2.6,0.0,8.551430285808541,0.0
3471,0.995,0.995,2.0429999999999997,0.0,0.0,8.551430285808541,0.0
3472,0.422,0.422,1.748,0.0,0.0,8.551430285808541,0.0
3473,0.422,0.422,0.9850000000000001,0.0,0.0,8.551430285808541,0.0
3474,2.422,0.7804337054247906,0.0035662945752094055,0.0,1.6415662945752094,6.991942305962094,0.0
3475,0.422,0.422,0.019000000000000017,0.0,0.0,6.991942305962094,0.0
3476,0.495,0.19510842635619766,0.0008915736438023514,0.0,0.2998915736438023,6.707045311000481,0.0
3477,0.422,0.05574526467319934,0.0002547353268006619,0.0,0.3662547353268007,6.359103312440021,0.0
3478,0.422,0.0,0.0,0.0,0.422,5.958203312440021,0.0
3479,0.422,0.0,0.0,0.0,0.422,5.557303312440021,0.0
3480,0.322,0.0,0.0,0.0,0.322,5.25140331244002,0.0
3481,0.322,0.0,0.0,0.0,0.322,4.94550331244002,0.0
3482,0.322,0.0,0.0,0.0,0.322,4.63960331244002,0.0
3483,0.322,0.0,0.0,0.0,0.322,4.3337033124400195,0.0
3484,0.322,0.006968158084149917,3.184191585008274e-5,0.0,0.3150318419158501,4.034423062619962,0.0
3485,0.322,0.1254268455146985,0.0005731544853015136,0.0,0.19657315448530152,3.847678565858926,0.0
3486,0.322,0.322,0.028000000000000025,0.0,0.0,3.847678565858926,0.0
3487,0.322,0.6898476503308419,0.0031523496691581165,0.3678476503308418,0.0,4.197133833673226,0.0
3488,0.395,0.395,0.907,0.0,0.0,4.197133833673226,0.0
3489,0.322,0.322,1.7849999999999997,0.0,0.0,4.197133833673226,0.0
3490,0.322,2.922,0.242,2.6,0.0,6.667133833673225,0.0
3491,0.322,2.922,0.8160000000000003,2.6,0.0,9.137133833673225,0.0
3492,0.322,0.322,3.8709999999999996,0.0,0.0,9.137133833673225,0.0
3493,0.322,2.922,1.334,2.6,0.0,11.607133833673226,0.0
3494,0.322,0.322,3.731,0.0,0.0,11.607133833673226,0.0
3495,0.995,0.995,2.526,0.0,0.0,11.607133833673226,0.0
3496,0.422,0.422,2.322,0.0,0.0,11.607133833673226,0.0
3497,0.422,0.422,1.4190000000000003,0.0,0.0,11.607133833673226,0.0
3498,2.422,1.094000819211537,0.004999180788463065,0.0,1.3279991807884632,10.345534611924185,0.0
3499,0.422,0.422,0.1730000000000001,0.0,0.0,10.345534611924185,0.0
3500,0.495,0.3205352718708962,0.0014647281291038095,0.0,0.17446472812910382,10.179793120201534,0.0
3501,0.422,0.083617897009799,0.0003821029902009998,0.0,0.338382102990201,9.858330122360845,0.0
3502,0.422,0.0,0.0,0.0,0.422,9.457430122360845,0.0
3503,0.422,0.0,0.0,0.0,0.422,9.056530122360845,0.0
3504,0.322,0.0,0.0,0.0,0.322,8.750630122360846,0.0
3505,0.322,0.0,0.0,0.0,0.322,8.444730122360847,0.0
3506,0.322,0.0,0.0,0.0,0.322,8.138830122360847,0.0
3507,0.322,0.0,0.0,0.0,0.322,7.832930122360847,0.0
3508,0.322,0.006968158084149917,3.184191585008274e-5,0.0,0.3150318419158501,7.533649872540789,0.0
3509,0.322,0.1254268455146985,0.0005731544853015136,0.0,0.19657315448530152,7.3469053757797536,0.0
3510,0.322,0.322,0.02100000000000002,0.0,0.0,7.3469053757797536,0.0
3511,0.322,0.6271342275734926,0.002865772426507429,0.3051342275734925,0.0,7.636782891974572,0.0
3512,0.395,1.0312873964541875,0.004712603545812488,0.6362873964541875,0.0,8.241255918606049,0.0
3513,0.322,0.322,1.3719999999999999,0.0,0.0,8.241255918606049,0.0
3514,0.322,0.322,2.373,0.0,0.0,8.241255918606049,0.0
3515,0.322,0.322,2.7439999999999998,0.0,0.0,8.241255918606049,0.0
3516,0.322,0.322,3.248,0.0,0.0,8.241255918606049,0.0
3517,0.322,0.322,3.136,0.0,0.0,8.241255918606049,0.0
3518,0.322,1.8266356023967034,1.2533643976032967,1.5046356023967034,0.0,9.670659740882918,0.0
3519,0.995,0.995,1.637,0.0,0.0,9.670659740882918,0.0
3520,0.422,0.422,1.769,0.0,0.0,9.670659740882918,0.0
3521,0.422,0.422,1.153,0.0,0.0,9.670659740882918,0.0
3522,2.422,1.0452237126224875,0.004776287377512567,0.0,1.3767762873775127,8.36272226787428,0.0
3523,0.422,0.422,0.15200000000000008,0.0,0.0,8.36272226787428,0.0
3524,0.495,0.2996307976184464,0.0013692023815535803,0.0,0.19536920238155359,8.177121525611804,0.0
3525,0.422,0.09058605509394892,0.0004139449060510808,0.0,0.3314139449060511,7.862278277951056,0.0
3526,0.422,0.0,0.0,0.0,0.422,7.461378277951056,0.0
3527,0.422,0.0,0.0,0.0,0.422,7.060478277951056,0.0
3528,0.322,0.0,0.0,0.0,0.322,6.7545782779510555,0.0
3529,0.322,0.0,0.0,0.0,0.322,6.448678277951055,0.0
3530,0.322,0.0,0.0,0.0,0.322,6.142778277951055,0.0
3531,0.322,0.0,0.0,0.0,0.322,5.836878277951055,0.0
3532,0.322,0.013936316168299835,6.368383170016548e-5,0.0,0.3080636838317002,5.544217778310939,0.0
3533,0.322,0.18814026827204774,0.0008597317279522565,0.0,0.13385973172795226,5.417051033169384,0.0
3534,0.322,0.322,0.126,0.0,0.0,5.417051033169384,0.0
3535,0.322,0.8222426539296902,0.0037573460703097528,0.5002426539296903,0.0,5.892281554402589,0.0
3536,0.395,1.5887400431861811,0.0072599568138189685,1.193740043186181,0.0,7.026334595429462,0.0
3537,0.322,0.322,2.093,0.0,0.0,7.026334595429462,0.0
3538,0.322,0.322,2.6109999999999998,0.0,0.0,7.026334595429462,0.0
3539,0.322,2.7106134947343175,0.012386505265682413,2.3886134947343174,0.0,9.295517415427064,0.0
3540,0.322,2.424919013284171,0.0110809867158288,2.102919013284171,0.0,11.293290478047025,0.0
3541,0.322,0.322,1.596,0.0,0.0,11.293290478047025,0.0
3542,0.322,0.322,1.148,0.0,0.0,11.293290478047025,0.0
3543,0.995,0.995,0.1250000000000001,0.0,0.0,11.293290478047025,0.0
3544,0.422,0.8501152862662898,0.0038847137337101323,0.4281152862662898,0.0,11.7,0.0
3545,0.422,0.422,0.20800000000000002,0.0,0.0,11.7,0.0
3546,2.422,0.4111213269648451,0.0018786730351548764,0.0,2.0108786730351556,9.789665260616601,0.0
3547,0.422,0.22298105869279736,0.0010189413072026476,0.0,0.19901894130720263,9.60059726637476,0.0
3548,0.495,0.09755421317809883,0.0004457868219011757,0.0,0.3974457868219012,9.223023768893954,0.0
3549,0.422,0.02090447425244975,9.552574755024995e-5,0.0,0.4010955257475502,8.841983019433782,0.0
3550,0.422,0.0,0.0,0.0,0.422,8.441083019433782,0.0
3551,0.422,0.0,0.0,0.0,0.422,8.040183019433782,0.0
3552,0.322,0.0,0.0,0.0,0.322,7.7342830194337795,0.0
3553,0.322,0.0,0.0,0.0,0.322,7.428383019433779,0.0
3554,0.322,0.0,0.0,0.0,0.322,7.122483019433779,0.0
3555,0.322,0.0,0.0,0.0,0.322,6.816583019433779,0.0
3556,0.322,0.0,0.0,0.0,0.322,6.510683019433778,0.0
3557,0.322,0.06968158084149917,0.0003184191585008378,0.0,0.25231841915850084,6.270980521233204,0.0
3558,0.322,0.2020765844403476,0.0009234155596524185,0.0,0.11992341555965241,6.157053276451533,0.0
3559,0.322,0.322,0.133,0.0,0.0,6.157053276451533,0.0
3560,0.395,0.395,0.46599999999999997,0.0,0.0,6.157053276451533,0.0
3561,0.322,1.351822668325084,0.006177331674916076,1.029822668325084,0.0,7.135384811360362,0.0
3562,0.322,1.8117211018789783,0.008278898121021783,1.4897211018789782,0.0,8.55061985814539,0.0
3563,0.322,0.322,2.051,0.0,0.0,8.55061985814539,0.0
3564,0.322,0.322,1.988,0.0,0.0,8.55061985814539,0.0
3565,0.322,0.322,2.023,0.0,0.0,8.55061985814539,0.0
3566,0.322,2.4109826971158705,0.011017302884129165,2.0889826971158705,0.0,10.535153420405468,0.0
3567,0.995,0.995,1.4479999999999995,0.0,0.0,10.535153420405468,0.0
3568,0.422,0.8837375887084544,0.9152624112915455,0.4617375887084545,0.0,10.9738041296785,0.0
3569,0.422,0.422,0.9640000000000002,0.0,0.0,10.9738041296785,0.0
3570,2.422,0.745592915004041,0.0034070849959589866,0.0,1.6764070849959591,9.381217398932337,0.0
3571,0.422,0.422,0.06800000000000006,0.0,0.0,9.381217398932337,0.0
3572,0.495,0.28569448145014664,0.0013055185498533906,0.0,0.20930551854985338,9.182377156309979,0.0
3573,0.422,0.10452237126224875,0.0004776287377512428,0.0,0.3174776287377512,8.880773409009116,0.0
3574,0.422,0.0,0.0,0.0,0.422,8.479873409009116,0.0
3575,0.422,0.0,0.0,0.0,0.422,8.078973409009116,0.0
3576,0.322,0.0,0.0,0.0,0.322,7.773073409009116,0.0
3577,0.322,0.0,0.0,0.0,0.322,7.467173409009115,0.0
3578,0.322,0.0,0.0,0.0,0.322,7.161273409009115,0.0
3579,0.322,0.0,0.0,0.0,0.322,6.855373409009115,0.0
3580,0.322,0.006968158084149917,3.184191585008274e-5,0.0,0.3150318419158501,6.556093159189057,0.0
3581,0.322,0.11845868743054859,0.0005413125694514187,0.0,0.2035413125694514,6.362728912248079,0.0
3582,0.322,0.24388553294524712,0.0011144670547529045,0.0,0.0781144670547529,6.2885201685460625,0.0
3583,0.322,0.43202580121729484,0.001974198782705161,0.11002580121729483,0.0,6.393044679702492,0.0
3584,0.395,0.7037839664991417,0.0032160335008584173,0.30878396649914164,0.0,6.686389447876677,0.0
3585,0.322,1.0521918707066373,0.004808129293362606,0.7301918707066373,0.0,7.380071725047983,0.0
3586,0.322,0.322,0.9239999999999999,0.0,0.0,7.380071725047983,0.0
3587,0.322,0.322,0.9449999999999998,0.0,0.0,7.380071725047983,0.0
3588,0.322,0.322,0.966,0.0,0.0,7.380071725047983,0.0
3589,0.322,0.322,0.8819999999999999,0.0,0.0,7.380071725047983,0.0
3590,0.322,1.1079371353798366,0.005062864620163365,0.7859371353798367,0.0,8.126712003658827,0.0
3591,0.995,0.9546376575285387,0.004362342471461389,0.0,0.04036234247146134,8.08836777831094,0.0
3592,0.422,0.422,0.432,0.0,0.0,8.08836777831094,0.0
3593,0.422,0.422,0.25000000000000006,0.0,0.0,8.08836777831094,0.0
3594,2.422,0.5992615952368928,0.0027384047631071606,0.0,1.8227384047631072,6.356766293785988,0.0
3595,0.422,0.422,0.026000000000000023,0.0,0.0,6.356766293785988,0.0
3596,0.495,0.2996307976184464,0.0013692023815535803,0.0,0.19536920238155359,6.1711655515235115,0.0
3597,0.422,0.11149052934639868,0.0005094706536013238,0.0,0.3105094706536013,5.8761815544025895,0.0
3598,0.422,0.0,0.0,0.0,0.422,5.4752815544025895,0.0
3599,0.422,0.0,0.0,0.0,0.422,5.074381554402589,0.0
3600,0.322,0.0,0.0,0.0,0.322,4.768481554402589,0.0
3601,0.322,0.0,0.0,0.0,0.322,4.462581554402589,0.0
3602,0.322,0.0,0.0,0.0,0.322,4.156681554402589,0.0
3603,0.322,0.0,0.0,0.0,0.322,3.8507815544025887,0.0
3604,0.322,0.013936316168299835,6.368383170016548e-5,0.0,0.3080636838317002,3.5581210547624735,0.0
3605,0.322,0.18814026827204774,0.0008597317279522565,0.0,0.13385973172795226,3.430954309620919,0.0
3606,0.322,0.322,0.16100000000000003,0.0,0.0,3.430954309620919,0.0
3607,0.322,0.322,0.5249999999999999,0.0,0.0,3.430954309620919,0.0
3608,0.395,0.395,1.117,0.0,0.0,3.430954309620919,0.0
3609,0.322,0.322,1.47,0.0,0.0,3.430954309620919,0.0
3610,0.322,1.6166126755227808,0.007387324477219348,1.2946126755227807,0.0,4.66083635136756,0.0
3611,0.322,1.1636824000530361,0.005317599946963902,0.841682400053036,0.0,5.460434631417945,0.0
3612,0.322,0.322,0.609,0.0,0.0,5.460434631417945,0.0
3613,0.322,1.1149052934639867,0.005094706536013405,0.7929052934639866,0.0,6.2136946602087315,0.0
3614,0.322,1.0730963449590871,0.0049036550409129465,0.7510963449590873,0.0,6.927236187919864,0.0
3615,0.995,0.995,0.29999999999999993,0.0,0.0,6.927236187919864,0.0
3616,0.422,0.422,0.859,0.0,0.0,6.927236187919864,0.0
3617,0.422,1.0661281868749373,0.004871813125062685,0.6441281868749373,0.0,7.539157965451055,0.0
3618,2.422,0.6131979114051926,0.0028020885948073504,0.0,1.8088020885948075,5.820795981285989,0.0
3619,0.422,0.34143974612334593,0.001560253876654094,0.0,0.08056025387665404,5.744263740103166,0.0
3620,0.495,0.11845868743054859,0.0005413125694514187,0.0,0.3765413125694514,5.386549493162189,0.0
3621,0.422,0.09058605509394892,0.0004139449060510808,0.0,0.3314139449060511,5.0717062455014394,0.0
3622,0.422,0.0,0.0,0.0,0.422,4.670806245501439,0.0
3623,0.422,0.0,0.0,0.0,0.422,4.269906245501439,0.0
3624,0.322,0.0,0.0,0.0,0.322,3.964006245501439,0.0
3625,0.322,0.0,0.0,0.0,0.322,3.6581062455014393,0.0
3626,0.322,0.0,0.0,0.0,0.322,3.3522062455014394,0.0
3627,0.322,0.0,0.0,0.0,0.322,3.0463062455014396,0.0
3628,0.322,0.02090447425244975,9.552574755024995e-5,0.0,0.3010955257475502,2.7602654960412667,0.0
3629,0.322,0.15329947785129816,0.0007005221487018376,0.0,0.16870052214870185,2.6,0.0
3630,0.322,0.322,0.055999999999999994,0.0,0.0,2.6,0.0
3631,0.322,0.322,0.39899999999999997,0.0,0.0,2.6,0.0
3632,0.395,0.395,0.76,0.0,0.0,2.6,0.0
3633,0.322,0.322,1.176,0.0,0.0,2.6,0.0
3634,0.322,0.322,1.54,0.0,0.0,2.6,0.0
3635,0.322,0.322,1.9740000000000002,0.0,0.0,2.6,0.0
3636,0.322,2.8011995498282665,0.01280045017173359,2.4791995498282664,0.0,4.955239572336852,0.0
3637,0.322,2.922,0.6339999999999999,2.6,0.0,7.425239572336853,0.0
3638,0.322,0.322,3.822,0.0,0.0,7.425239572336853,0.0
3639,0.995,0.995,3.0229999999999997,0.0,0.0,7.425239572336853,0.0
3640,0.422,0.422,2.847,0.0,0.0,7.425239572336853,0.0
3641,0.422,0.422,1.5310000000000004,0.0,0.0,7.425239572336853,0.0
3642,2.422,0.9546376575285387,0.004362342471461389,0.0,1.4673623424714615,6.031245346988965,0.0
3643,0.422,0.34840790420749584,0.001592095792504189,0.0,0.07359209579250413,5.961332855986087,0.0
3644,0.495,0.17420395210374792,0.0007960478962520945,0.0,0.32079604789625205,5.656576610484647,0.0
3645,0.422,0.07664973892564908,0.0003502610743509188,0.0,0.3453502610743509,5.328493862464013,0.0
3646,0.422,0.0,0.0,0.0,0.422,4.927593862464013,0.0
3647,0.422,0.0,0.0,0.0,0.422,4.526693862464013,0.0
3648,0.322,0.0,0.0,0.0,0.322,4.220793862464013,0.0
3649,0.322,0.0,0.0,0.0,0.322,3.914893862464013,0.0
3650,0.322,0.0,0.0,0.0,0.322,3.608993862464013,0.0
3651,0.322,0.0,0.0,0.0,0.322,3.303093862464013,0.0
3652,0.322,0.013936316168299835,6.368383170016548e-5,0.0,0.3080636838317002,3.0104333628238984,0.0
3653,0.322,0.1323950035988484,0.0006049964011516085,0.0,0.1896049964011516,2.8303086162428053,0.0
3654,0.322,0.322,0.007000000000000006,0.0,0.0,2.8303086162428053,0.0
3655,0.322,0.322,0.39199999999999996,0.0,0.0,2.8303086162428053,0.0
3656,0.395,0.876428886440544,0.3135711135594562,0.48142888644054393,0.0,3.2876660583613218,0.0
3657,0.322,0.322,1.6519999999999997,0.0,0.0,3.2876660583613218,0.0
3658,0.322,2.52247322646227,0.011526773537729795,2.20047322646227,0.0,5.378115623500477,0.0
3659,0.322,0.322,2.7159999999999997,0.0,0.0,5.378115623500477,0.0
3660,0.322,0.322,3.269,0.0,0.0,5.378115623500477,0.0
3661,0.322,2.922,0.9630000000000001,2.6,0.0,7.848115623500477,0.0
3662,0.322,0.322,3.234,0.0,0.0,7.848115623500477,0.0
3663,0.995,0.995,2.183,0.0,0.0,7.848115623500477,0.0
3664,0.422,2.863912972585615,0.013087027414384611,2.441912972585615,0.0,10.167932947456812,0.0
3665,0.422,2.0347021605717757,0.009297839428224375,1.6127021605717757,0.0,11.7,0.0
3666,2.422,0.9685739736968385,0.004426026303161579,0.0,1.4534260263031615,10.319245275011996,0.0
3667,0.422,0.3902168527123953,0.0017831472876047028,0.0,0.03178314728760463,10.289051285088773,0.0
3668,0.495,0.17420395210374792,0.0007960478962520945,0.0,0.32079604789625205,9.984295039587334,0.0
3669,0.422,0.05574526467319934,0.0002547353268006619,0.0,0.3662547353268007,9.63635304102687,0.0
3670,0.422,0.0,0.0,0.0,0.422,9.23545304102687,0.0
3671,0.422,0.0,0.0,0.0,0.422,8.83455304102687,0.0
3672,0.322,0.0,0.0,0.0,0.322,8.528653041026871,0.0
3673,0.322,0.0,0.0,0.0,0.322,8.222753041026872,0.0
3674,0.322,0.0,0.0,0.0,0.322,7.916853041026874,0.0
3675,0.322,0.0,0.0,0.0,0.322,7.610953041026874,0.0
3676,0.322,0.006968158084149917,3.184191585008274e-5,0.0,0.3150318419158501,7.311672791206816,0.0
3677,0.322,0.09058605509394892,0.0004139449060510808,0.0,0.2314139449060511,7.0918295435460665,0.0
3678,0.322,0.2578218491135469,0.001178150886453122,0.0,0.06417815088645308,7.030860300203938,0.0
3679,0.322,0.5435163305636935,0.0024836694363065126,0.22151633056369352,0.0,7.2413008142394455,0.0
3680,0.395,0.395,0.45199999999999996,0.0,0.0,7.2413008142394455,0.0
3681,0.322,0.322,0.48300000000000004,0.0,0.0,7.2413008142394455,0.0
3682,0.322,0.322,0.5249999999999999,0.0,0.0,7.2413008142394455,0.0
3683,0.322,0.8501152862662898,0.0038847137337101323,0.5281152862662899,0.0,7.7430103361924205,0.0
3684,0.322,1.1915550323896358,0.005444967610364282,0.8695550323896358,0.0,8.569087616962575,0.0
3685,0.322,0.322,2.0300000000000002,0.0,0.0,8.569087616962575,0.0
3686,0.322,0.322,2.73,0.0,0.0,8.569087616962575,0.0
3687,0.995,2.2089061126755234,0.01009388732447647,1.213906112675523,0.0,9.722298424004322,0.0
3688,0.422,0.422,0.8380000000000001,0.0,0.0,9.722298424004322,0.0
3689,0.422,0.422,0.22900000000000004,0.0,0.0,9.722298424004322,0.0
3690,2.422,0.3275034299550461,0.0014965700449539043,0.0,2.094496570044954,7.732526682461616,0.0
3691,0.422,0.21601290060864742,0.0009870993913525805,0.0,0.20598709939135257,7.536838938039831,0.0
3692,0.495,0.11149052934639868,0.0005094706536013238,0.0,0.3835094706536013,7.17250494091891,0.0
3693,0.422,0.0418089485048995,0.0001910514951004999,0.0,0.38019105149510046,6.811323441998565,0.0
3694,0.422,0.0,0.0,0.0,0.422,6.410423441998565,0.0
3695,0.422,0.0,0.0,0.0,0.422,6.009523441998565,0.0
3696,0.322,0.0,0.0,0.0,0.322,5.703623441998564,0.0
3697,0.322,0.0,0.0,0.0,0.322,5.397723441998564,0.0
3698,0.322,0.0,0.0,0.0,0.322,5.091823441998564,0.0
3699,0.322,0.0,0.0,0.0,0.322,4.7859234419985635,0.0
3700,0.322,0.02090447425244975,9.552574755024995e-5,0.0,0.3010955257475502,4.4998826925383915,0.0
3701,0.322,0.21601290060864742,0.0009870993913525805,0.0,0.10598709939135259,4.399194948116605,0.0
3702,0.322,0.322,0.15400000000000003,0.0,0.0,4.399194948116605,0.0
3703,0.322,0.322,0.455,0.0,0.0,4.399194948116605,0.0
3704,0.395,0.395,0.788,0.0,0.0,4.399194948116605,0.0
3705,0.322,0.322,1.582,0.0,0.0,4.399194948116605,0.0
3706,0.322,2.2228424288438235,0.010157571156176548,1.9008424288438233,0.0,6.204995255518237,0.0
3707,0.322,2.585186649219619,0.011813350780380816,2.263186649219619,0.0,8.355022572276878,0.0
3708,0.322,0.322,2.443,0.0,0.0,8.355022572276878,0.0
3709,0.322,0.322,2.359,0.0,0.0,8.355022572276878,0.0
3710,0.322,0.322,1.8199999999999998,0.0,0.0,8.355022572276878,0.0
3711,0.995,1.8674663665521776,0.008533633447822542,0.8724663665521776,0.0,9.183865620501445,0.0
3712,0.422,1.3936316168299834,0.006368383170016756,0.9716316168299836,0.0,10.106915656489932,0.0
3713,0.422,0.422,0.6000000000000001,0.0,0.0,10.106915656489932,0.0
3714,2.422,0.745592915004041,0.0034070849959589866,0.0,1.6764070849959591,8.514328925743769,0.0
3715,0.422,0.422,0.07499999999999996,0.0,0.0,8.514328925743769,0.0
3716,0.495,0.3275034299550461,0.0014965700449539043,0.0,0.1674965700449539,8.355207184201063,0.0
3717,0.422,0.1602676359354481,0.0007323640645519047,0.0,0.26173236406455186,8.10656143833974,0.0
3718,0.422,0.02090447425244975,9.552574755024995e-5,0.0,0.4010955257475502,7.725520688879565,0.0
3719,0.422,0.0,0.0,0.0,0.422,7.324620688879565,0.0
3720,0.322,0.0,0.0,0.0,0.322,7.018720688879565,0.0
3721,0.322,0.0,0.0,0.0,0.322,6.712820688879565,0.0
3722,0.322,0.0,0.0,0.0,0.322,6.4069206888795645,0.0
3723,0.322,0.0,0.0,0.0,0.322,6.101020688879564,0.0
3724,0.322,0.06968158084149917,0.0003184191585008378,0.0,0.25231841915850084,5.861318190678989,0.0
3725,0.322,0.2578218491135469,0.001178150886453122,0.0,0.06417815088645308,5.800348947336858,0.0
3726,0.322,0.322,0.15400000000000003,0.0,0.0,5.800348947336858,0.0
3727,0.322,0.322,0.37800000000000006,0.0,0.0,5.800348947336858,0.0
3728,0.395,0.395,0.5919999999999999,0.0,0.0,5.800348947336858,0.0
3729,0.322,0.322,0.966,0.0,0.0,5.800348947336858,0.0
3730,0.322,0.322,1.1059999999999999,0.0,0.0,5.800348947336858,0.0
3731,0.322,0.322,0.8260000000000001,0.0,0.0,5.800348947336858,0.0
3732,0.322,1.9232116312253773,0.008788368774622857,1.6012116312253772,0.0,7.3214999970009655,0.0
3733,0.322,0.322,2.38,0.0,0.0,7.3214999970009655,0.0
3734,0.322,2.0277340024876254,0.009265997512374557,1.7057340024876257,0.0,8.94194729936421,0.0
3735,0.995,1.3169818779043343,0.006018122095665657,0.32198187790433425,0.0,9.247830083373328,0.0
3736,0.422,1.0521918707066373,0.004808129293362606,0.6301918707066374,0.0,9.846512360544635,0.0
3737,0.422,0.422,0.579,0.0,0.0,9.846512360544635,0.0
3738,2.422,0.745592915004041,0.0034070849959589866,0.0,1.6764070849959591,8.253925629798474,0.0
3739,0.422,0.422,0.019000000000000017,0.0,0.0,8.253925629798474,0.0
3740,0.495,0.23691737486109718,0.0010826251389028374,0.0,0.2580826251389028,8.008747135916517,0.0
3741,0.422,0.07664973892564908,0.0003502610743509188,0.0,0.3453502610743509,7.680664387895884,0.0
3742,0.422,0.013936316168299835,6.368383170016548e-5,0.0,0.40806368383170016,7.293003888255769,0.0
3743,0.422,0.0,0.0,0.0,0.422,6.892103888255769,0.0
3744,0.322,0.0,0.0,0.0,0.322,6.586203888255769,0.0
3745,0.322,0.0,0.0,0.0,0.322,6.2803038882557685,0.0
3746,0.322,0.0,0.0,0.0,0.322,5.974403888255768,0.0
3747,0.322,0.0,0.0,0.0,0.322,5.668503888255768,0.0
3748,0.322,0.06271342275734924,0.0002865772426507568,0.0,0.25928657724265075,5.422181639875248,0.0
3749,0.322,0.21601290060864742,0.0009870993913525805,0.0,0.10598709939135259,5.321493895453463,0.0
3750,0.322,0.322,0.02100000000000002,0.0,0.0,5.321493895453463,0.0
3751,0.322,0.668943176078392,0.0030568239216079984,0.34694317607839203,0.0,5.651089912727936,0.0
3752,0.395,0.395,1.341,0.0,0.0,5.651089912727936,0.0
3753,0.322,0.322,2.3449999999999998,0.0,0.0,5.651089912727936,0.0
3754,0.322,2.922,0.347,2.6,0.0,8.121089912727937,0.0
3755,0.322,0.322,3.374,0.0,0.0,8.121089912727937,0.0
3756,0.322,2.922,1.2149999999999994,2.6,0.0,10.591089912727936,0.0
3757,0.322,0.322,4.2700000000000005,0.0,0.0,10.591089912727936,0.0
3758,0.322,0.322,4.2700000000000005,0.0,0.0,10.591089912727936,0.0
3759,0.995,0.995,3.114,0.0,0.0,10.591089912727936,0.0
3760,0.422,0.422,2.9309999999999996,0.0,0.0,10.591089912727936,0.0
3761,0.422,0.422,1.965,0.0,0.0,10.591089912727936,0.0
3762,2.422,1.3239500359884842,0.006049964011515918,0.0,1.098049964011516,9.547942446916997,0.0
3763,0.422,0.422,0.061000000000000054,0.0,0.0,9.547942446916997,0.0
3764,0.495,0.36234422037579567,0.0016557796242043232,0.0,0.13265577962420433,9.421919456274003,0.0
3765,0.422,0.1602676359354481,0.0007323640645519047,0.0,0.26173236406455186,9.17327371041268,0.0
3766,0.422,0.013936316168299835,6.368383170016548e-5,0.0,0.40806368383170016,8.785613210772565,0.0
3767,0.422,0.0,0.0,0.0,0.422,8.384713210772565,0.0
3768,0.322,0.0,0.0,0.0,0.322,8.078813210772566,0.0
3769,0.322,0.0,0.0,0.0,0.322,7.772913210772566,0.0
3770,0.322,0.0,0.0,0.0,0.322,7.467013210772565,0.0
3771,0.322,0.0,0.0,0.0,0.322,7.161113210772565,0.0
3772,0.322,0.05574526467319934,0.0002547353268006619,0.0,0.2662547353268007,6.908171212212104,0.0
3773,0.322,0.24388553294524712,0.0011144670547529045,0.0,0.0781144670547529,6.833962468510088,0.0
3774,0.322,0.322,0.17499999999999993,0.0,0.0,6.833962468510088,0.0
3775,0.322,0.322,0.47600000000000003,0.0,0.0,6.833962468510088,0.0
3776,0.395,0.395,0.732,0.0,0.0,6.833962468510088,0.0
3777,0.322,0.7491691427164199,0.6368308572835802,0.42716914271642,0.0,7.239773154090687,0.0
3778,0.322,1.3030455617360346,0.005954438263965356,0.9810455617360342,0.0,8.17176643773992,0.0
3779,0.322,0.322,0.728,0.0,0.0,8.17176643773992,0.0
3780,0.322,0.322,0.308,0.0,0.0,8.17176643773992,0.0
3781,0.322,0.322,0.203,0.0,0.0,8.17176643773992,0.0
3782,0.322,0.5086755401429439,0.0023244598570560937,0.1866755401429439,0.0,8.349108200875717,0.0
3783,0.995,0.501707382058794,0.0022926179412060543,0.0,0.493292617941206,7.880480213831572,0.0
3784,0.422,0.422,0.040000000000000036,0.0,0.0,7.880480213831572,0.0
3785,0.422,0.3065989557025963,0.0014010442974036752,0.0,0.11540104429740365,7.770849221749039,0.0
3786,2.422,0.3065989557025963,0.0014010442974036752,0.0,2.115401044297404,5.761218229666506,0.0
3787,0.422,0.29266263953429655,0.0013373604657034854,0.0,0.12933736046570346,5.638347737224087,0.0
3788,0.495,0.18117211018789783,0.0008278898121021616,0.0,0.3138278898121022,5.34021124190259,0.0
3789,0.422,0.0418089485048995,0.0001910514951004999,0.0,0.38019105149510046,4.979029742982244,0.0
3790,0.422,0.0,0.0,0.0,0.422,4.578129742982244,0.0
3791,0.422,0.0,0.0,0.0,0.422,4.177229742982244,0.0
3792,0.322,0.0,0.0,0.0,0.322,3.8713297429822453,0.0
3793,0.322,0.0,0.0,0.0,0.322,3.5654297429822455,0.0
3794,0.322,0.0,0.0,0.0,0.322,3.2595297429822456,0.0
3795,0.322,0.0,0.0,0.0,0.322,2.953629742982246,0.0
3796,0.322,0.05574526467319934,0.0002547353268006619,0.0,0.2662547353268007,2.700687744421785,0.0
3797,0.322,0.21601290060864742,0.0009870993913525805,0.0,0.10598709939135259,2.6,0.0
3798,0.322,0.322,0.07700000000000001,0.0,0.0,2.6,0.0
3799,0.322,0.675911334162542,0.003088665837458038,0.35391133416254195,0.0,2.9362157674544145,0.0
3800,0.395,0.395,0.8159999999999998,0.0,0.0,2.9362157674544145,0.0
3801,0.322,0.322,1.5470000000000002,0.0,0.0,2.9362157674544145,0.0
3802,0.322,1.0651284930927352,1.671871506907265,0.7431284930927352,0.0,3.6421878358925137,0.0
3803,0.322,0.322,3.0869999999999997,0.0,0.0,3.6421878358925137,0.0
3804,0.322,0.322,4.095,0.0,0.0,3.6421878358925137,0.0
3805,0.322,0.322,4.417000000000001,0.0,0.0,3.6421878358925137,0.0
3806,0.322,2.922,1.7959999999999998,2.6,0.0,6.112187835892512,0.0
3807,0.995,0.995,3.093,0.0,0.0,6.112187835892512,0.0
3808,0.422,2.654868230061118,0.012131769938881654,2.232868230061118,0.0,8.233412654450577,0.0
3809,0.422,0.422,1.2160000000000002,0.0,0.0,8.233412654450577,0.0
3810,2.422,1.1636824000530361,0.005317599946963902,0.0,1.258317599946964,7.03801093450096,0.0
3811,0.422,0.422,0.187,0.0,0.0,7.03801093450096,0.0
3812,0.495,0.3902168527123953,0.0017831472876047028,0.0,0.10478314728760466,6.938466944577735,0.0
3813,0.422,0.18814026827204774,0.0008597317279522565,0.0,0.23385973172795224,6.71630019943618,0.0
3814,0.422,0.02787263233659967,0.00012736766340033095,0.0,0.3941273676634003,6.34187920015595,0.0
3815,0.422,0.0,0.0,0.0,0.422,5.94097920015595,0.0
3816,0.322,0.0,0.0,0.0,0.322,5.63507920015595,0.0
3817,0.322,0.0,0.0,0.0,0.322,5.3291792001559495,0.0
3818,0.322,0.0,0.0,0.0,0.322,5.023279200155949,0.0
3819,0.322,0.0,0.0,0.0,0.322,4.717379200155949,0.0
3820,0.322,0.034840790420749584,0.0001592095792504189,0.0,0.2871592095792504,4.4445779510556624,0.0
3821,0.322,0.17420395210374792,0.0007960478962520945,0.0,0.1477960478962521,4.304171705554223,0.0
3822,0.322,0.322,0.11199999999999999,0.0,0.0,4.304171705554223,0.0
3823,0.322,0.322,0.427,0.0,0.0,4.304171705554223,0.0
3824,0.395,0.395,1.3900000000000001,0.0,0.0,4.304171705554223,0.0
3825,0.322,0.322,2.6319999999999997,0.0,0.0,4.304171705554223,0.0
3826,0.322,0.322,3.556,0.0,0.0,4.304171705554223,0.0
3827,0.322,0.322,4.186,0.0,0.0,4.304171705554223,0.0
3828,0.322,2.922,1.7959999999999998,2.6,0.0,6.774171705554222,0.0
3829,0.322,0.322,3.143,0.0,0.0,6.774171705554222,0.0
3830,0.322,0.322,2.436,0.0,0.0,6.774171705554222,0.0
3831,0.995,0.995,1.5599999999999996,0.0,0.0,6.774171705554222,0.0
3832,0.422,0.422,1.7620000000000002,0.0,0.0,6.774171705554222,0.0
3833,0.422,0.422,1.181,0.0,0.0,6.774171705554222,0.0
3834,2.422,1.0382555545383374,0.0047444454616625276,0.0,1.3837444454616628,5.459614482365643,0.0
3835,0.422,0.422,0.18,0.0,0.0,5.459614482365643,0.0
3836,0.495,0.3065989557025963,0.0014010442974036752,0.0,0.18840104429740365,5.280633490283108,0.0
3837,0.422,0.09058605509394892,0.0004139449060510808,0.0,0.3314139449060511,4.96579024262236,0.0
3838,0.422,0.0,0.0,0.0,0.422,4.56489024262236,0.0
3839,0.422,0.0,0.0,0.0,0.422,4.16399024262236,0.0
3840,0.322,0.0,0.0,0.0,0.322,3.85809024262236,0.0
3841,0.322,0.0,0.0,0.0,0.322,3.5521902426223604,0.0
3842,0.322,0.0,0.0,0.0,0.322,3.2462902426223605,0.0
3843,0.322,0.0,0.0,0.0,0.322,2.9403902426223607,0.0
3844,0.322,0.048777106589049414,0.00022289341095058784,0.0,0.2732228934109506,2.680828493881958,0.0
3845,0.322,0.23691737486109718,0.0010826251389028374,0.0,0.08508262513890283,2.6,0.0
3846,0.322,0.322,0.133,0.0,0.0,2.6,0.0
3847,0.322,0.322,0.434,0.0,0.0,2.6,0.0
3848,0.395,0.395,1.3199999999999998,0.0,0.0,2.6,0.0
3849,0.322,2.6479000719769683,0.012099928023031836,2.3259000719769682,0.0,4.8096050683781195,0.0
3850,0.322,0.322,3.066,0.0,0.0,4.8096050683781195,0.0
3851,0.322,0.322,3.6189999999999998,0.0,0.0,4.8096050683781195,0.0
3852,0.322,0.322,3.822,0.0,0.0,4.8096050683781195,0.0
3853,0.322,2.922,1.166,2.6,0.0,7.279605068378119,0.0
3854,0.322,0.322,3.227,0.0,0.0,7.279605068378119,0.0
3855,0.995,0.995,2.253,0.0,0.0,7.279605068378119,0.0
3856,0.422,0.422,2.126,0.0,0.0,7.279605068378119,0.0
3857,0.422,1.9162434731412272,0.00875652685877304,1.4942434731412273,0.0,8.699136367862287,0.0
3858,2.422,1.1567142419688863,0.005285758031113863,0.0,1.2652857580311139,7.497114897732729,0.0
3859,0.422,0.6062297533210428,0.0027702466789572,0.18422975332104274,0.0,7.67213316338772,0.0
3860,0.495,0.35537606229164576,0.0016239377083542283,0.0,0.13962393770835427,7.539490422564782,0.0
3861,0.422,0.167235794019598,0.0007642059804019996,0.0,0.25476420598040195,7.297464426883401,0.0
3862,0.422,0.02787263233659967,0.00012736766340033095,0.0,0.3941273676634003,6.9230434276031705,0.0
3863,0.422,0.0,0.0,0.0,0.422,6.5221434276031705,0.0
3864,0.322,0.0,0.0,0.0,0.322,6.21624342760317,0.0
3865,0.322,0.0,0.0,0.0,0.322,5.91034342760317,0.0
3866,0.322,0.0,0.0,0.0,0.322,5.60444342760317,0.0
3867,0.322,0.0,0.0,0.0,0.322,5.298543427603169,0.0
3868,0.322,0.048777106589049414,0.00022289341095058784,0.0,0.2732228934109506,5.038981678862767,0.0
3869,0.322,0.21601290060864742,0.0009870993913525805,0.0,0.10598709939135259,4.938293934440981,0.0
3870,0.322,0.322,0.11199999999999999,0.0,0.0,4.938293934440981,0.0
3871,0.322,0.322,0.39199999999999996,0.0,0.0,4.938293934440981,0.0
3872,0.395,0.395,1.3479999999999999,0.0,0.0,4.938293934440981,0.0
3873,0.322,0.322,2.5549999999999997,0.0,0.0,4.938293934440981,0.0
3874,0.322,0.322,3.5210000000000004,0.0,0.0,4.938293934440981,0.0
3875,0.322,0.322,4.144,0.0,0.0,4.938293934440981,0.0
3876,0.322,2.922,1.9009999999999994,2.6,0.0,7.40829393444098,0.0
3877,0.322,0.322,4.6339999999999995,0.0,0.0,7.40829393444098,0.0
3878,0.322,0.322,4.375,0.0,0.0,7.40829393444098,0.0
3879,0.995,0.995,3.2329999999999997,0.0,0.0,7.40829393444098,0.0
3880,0.422,3.0220000000000002,0.492,2.6,0.0,9.87829393444098,0.0
3881,0.422,0.422,2.014,0.0,0.0,9.87829393444098,0.0
3882,2.422,1.4354405653348827,0.006559434665117214,0.0,0.9865594346651174,8.941062471509118,0.0
3883,0.422,0.3762805365440955,0.001719463455904513,0.0,0.04571946345590448,8.897628981226008,0.0
3884,0.495,0.29266263953429655,0.0013373604657034854,0.0,0.20233736046570347,8.705408488783592,0.0
3885,0.422,0.18117211018789783,0.0008278898121021616,0.0,0.24082788981210215,8.476621993462095,0.0
3886,0.422,0.048777106589049414,0.00022289341095058784,0.0,0.37322289341095055,8.122060244721691,0.0
3887,0.422,0.0,0.0,0.0,0.422,7.72116024472169,0.0
3888,0.322,0.0,0.0,0.0,0.322,7.41526024472169,0.0
3889,0.322,0.0,0.0,0.0,0.322,7.10936024472169,0.0
3890,0.322,0.0,0.0,0.0,0.322,6.803460244721689,0.0
3891,0.322,0.0,0.0,0.0,0.322,6.497560244721689,0.0
3892,0.322,0.07664973892564908,0.0003502610743509188,0.0,0.24535026107435093,6.264477496701057,0.0
3893,0.322,0.24388553294524712,0.0011144670547529045,0.0,0.0781144670547529,6.190268752999041,0.0
3894,0.322,0.322,0.14700000000000002,0.0,0.0,6.190268752999041,0.0
3895,0.322,0.322,0.441,0.0,0.0,6.190268752999041,0.0
3896,0.395,0.395,1.033,0.0,0.0,6.190268752999041,0.0
3897,0.322,0.322,1.904,0.0,0.0,6.190268752999041,0.0
3898,0.322,0.322,2.366,0.0,0.0,6.190268752999041,0.0
3899,0.322,0.322,2.6599999999999997,0.0,0.0,6.190268752999041,0.0
3900,0.322,0.322,2.674,0.0,0.0,6.190268752999041,0.0
3901,0.322,0.322,2.7439999999999998,0.0,0.0,6.190268752999041,0.0
3902,0.322,2.919658237258815,0.013341762741184926,2.597658237258815,0.0,8.658044078394916,0.0
3903,0.995,0.995,1.7000000000000002,0.0,0.0,8.658044078394916,0.0
3904,0.422,2.459759803704921,0.011240196295079219,2.0377598037049207,0.0,10.59391589191459,0.0
3905,0.422,0.422,1.5310000000000004,0.0,0.0,10.59391589191459,0.0
3906,2.422,1.2960774036518845,0.005922596348115539,0.0,1.1259225963481156,9.524289425383879,0.0
3907,0.422,0.422,0.15900000000000009,0.0,0.0,9.524289425383879,0.0
3908,0.495,0.3971850107965453,0.0018149892034547421,0.0,0.09781498920345473,9.431365185640598,0.0
3909,0.422,0.2020765844403476,0.0009234155596524185,0.0,0.2199234155596524,9.222437940858926,0.0
3910,0.422,0.0418089485048995,0.0001910514951004999,0.0,0.38019105149510046,8.86125644193858,0.0
3911,0.422,0.0,0.0,0.0,0.422,8.46035644193858,0.0
3912,0.322,0.0,0.0,0.0,0.322,8.154456441938581,0.0
3913,0.322,0.0,0.0,0.0,0.322,7.848556441938581,0.0
3914,0.322,0.0,0.0,0.0,0.322,7.542656441938581,0.0
3915,0.322,0.0,0.0,0.0,0.322,7.236756441938581,0.0
3916,0.322,0.034840790420749584,0.0001592095792504189,0.0,0.2871592095792504,6.963955192838293,0.0
3917,0.322,0.083617897009799,0.0003821029902009998,0.0,0.238382102990201,6.7374921949976025,0.0
3918,0.322,0.18814026827204774,0.0008597317279522565,0.0,0.13385973172795226,6.610325449856048,0.0
3919,0.322,0.28569448145014664,0.0013055185498533906,0.0,0.036305518549853394,6.575835207233688,0.0
3920,0.395,0.395,0.024999999999999967,0.0,0.0,6.575835207233688,0.0
3921,0.322,0.322,0.27999999999999997,0.0,0.0,6.575835207233688,0.0
3922,0.322,0.322,0.6929999999999998,0.0,0.0,6.575835207233688,0.0
3923,0.322,0.322,0.875,0.0,0.0,6.575835207233688,0.0
3924,0.322,0.322,1.6380000000000001,0.0,0.0,6.575835207233688,0.0
3925,0.322,2.9057219210905156,0.013278078909484403,2.5837219210905156,0.0,9.030371032269676,0.0
3926,0.322,0.322,4.053,0.0,0.0,9.030371032269676,0.0
3927,0.995,2.5198236832634553,1.603176316736544,1.5248236832634559,0.0,10.47895353136996,0.0
3928,0.422,0.422,3.0149999999999997,0.0,0.0,10.47895353136996,0.0
3929,0.422,0.422,1.9020000000000004,0.0,0.0,10.47895353136996,0.0
3930,2.422,1.1985231904737856,0.005476809526214321,0.0,1.2234768095262145,9.316650562320055,0.0
3931,0.422,0.422,0.22200000000000003,0.0,0.0,9.316650562320055,0.0
3932,0.495,0.4250576431331449,0.0019423568668550661,0.0,0.06994235686685508,9.250205323296544,0.0
3933,0.422,0.22298105869279736,0.0010189413072026476,0.0,0.19901894130720263,9.0611373290547,0.0
3934,0.422,0.048777106589049414,0.00022289341095058784,0.0,0.37322289341095055,8.706575580314297,0.0
3935,0.422,0.0,0.0,0.0,0.422,8.305675580314297,0.0
3936,0.322,0.0,0.0,0.0,0.322,7.999775580314296,0.0
3937,0.322,0.0,0.0,0.0,0.322,7.693875580314296,0.0
3938,0.322,0.0,0.0,0.0,0.322,7.387975580314296,0.0
3939,0.322,0.0,0.0,0.0,0.322,7.082075580314296,0.0
3940,0.322,0.09058605509394892,0.0004139449060510808,0.0,0.2314139449060511,6.862232332653547,0.0
3941,0.322,0.250853691029397,0.0011463089706030272,0.0,0.071146308970603,6.794643339131475,0.0
3942,0.322,0.322,0.034999999999999976,0.0,0.0,6.794643339131475,0.0
3943,0.322,0.322,0.36400000000000005,0.0,0.0,6.794643339131475,0.0
3944,0.395,0.395,1.467,0.0,0.0,6.794643339131475,0.0
3945,0.322,0.322,1.967,0.0,0.0,6.794643339131475,0.0
3946,0.322,0.322,1.008,0.0,0.0,6.794643339131475,0.0
3947,0.322,1.261236613231135,0.005763386768864898,0.9392366132311348,0.0,7.686918121701053,0.0
3948,0.322,0.322,1.1689999999999998,0.0,0.0,7.686918121701053,0.0
3949,0.322,0.322,1.806,0.0,0.0,7.686918121701053,0.0
3950,0.322,2.5782184911354693,0.011781508864530554,2.2562184911354692,0.0,9.83032568827975,0.0
3951,0.995,0.995,1.7560000000000002,0.0,0.0,9.83032568827975,0.0
3952,0.422,2.390078222863422,0.010921777136578381,1.9680782228634217,0.0,11.7,0.0
3953,0.422,0.422,0.9920000000000002,0.0,0.0,11.7,0.0
3954,2.422,0.7874018635089406,0.003598136491059445,0.0,1.6345981364910596,10.147131770333495,0.0
3955,0.422,0.422,0.026000000000000023,0.0,0.0,10.147131770333495,0.0
3956,0.495,0.2578218491135469,0.001178150886453122,0.0,0.23717815088645308,9.921812526991364,0.0
3957,0.422,0.09755421317809883,0.0004457868219011757,0.0,0.3244457868219011,9.613589029510557,0.0
3958,0.422,0.006968158084149917,3.184191585008274e-5,0.0,0.4150318419158501,9.2193087796905,0.0
3959,0.422,0.0,0.0,0.0,0.422,8.8184087796905,0.0
3960,0.322,0.0,0.0,0.0,0.322,8.512508779690501,0.0
3961,0.322,0.0,0.0,0.0,0.322,8.206608779690502,0.0
3962,0.322,0.0,0.0,0.0,0.322,7.9007087796905004,0.0
3963,0.322,0.0,0.0,0.0,0.322,7.5948087796905,0.0
3964,0.322,0.02090447425244975,9.552574755024995e-5,0.0,0.3010955257475502,7.308768030230328,0.0
3965,0.322,0.1254268455146985,0.0005731544853015136,0.0,0.19657315448530152,7.1220235334692905,0.0
3966,0.322,0.322,0.028000000000000025,0.0,0.0,7.1220235334692905,0.0
3967,0.322,0.322,0.35700000000000004,0.0,0.0,7.1220235334692905,0.0
3968,0.395,0.395,0.9490000000000001,0.0,0.0,7.1220235334692905,0.0
3969,0.322,0.322,2.072,0.0,0.0,7.1220235334692905,0.0
3970,0.322,0.322,3.0309999999999997,0.0,0.0,7.1220235334692905,0.0
3971,0.322,0.322,3.787,0.0,0.0,7.1220235334692905,0.0
3972,0.322,0.322,4.319,0.0,0.0,7.1220235334692905,0.0
3973,0.322,2.922,1.887,2.6,0.0,9.59202353346929,0.0
3974,0.322,0.322,4.354,0.0,0.0,9.59202353346929,0.0
3975,0.995,0.995,3.2749999999999995,0.0,0.0,9.59202353346929,0.0
3976,0.422,0.422,3.162,0.0,0.0,9.59202353346929,0.0
3977,0.422,0.422,2.1679999999999997,0.0,0.0,9.59202353346929,0.0
3978,2.422,1.4633131976714824,0.006686802328517594,0.0,0.9586868023285176,8.6812710712572,0.0
3979,0.422,0.4041531688806952,0.001846831119304837,0.0,0.017846831119304792,8.664316581693857,0.0
3980,0.495,0.3135671137867463,0.0014328862132537146,0.0,0.18143288621325374,8.491955339791266,0.0
3981,0.422,0.19510842635619766,0.0008915736438023514,0.0,0.22689157364380233,8.276408344829655,0.0
3982,0.422,0.05574526467319934,0.0002547353268006619,0.0,0.36625473532680064,7.928466346269195,0.0
3983,0.422,0.0,0.0,0.0,0.422,7.527566346269195,0.0
3984,0.322,0.0,0.0,0.0,0.322,7.221666346269195,0.0
3985,0.322,0.0,0.0,0.0,0.322,6.915766346269194,0.0
3986,0.322,0.0,0.0,0.0,0.322,6.609866346269194,0.0
3987,0.322,0.0,0.0,0.0,0.322,6.303966346269194,0.0
3988,0.322,0.09058605509394892,0.0004139449060510808,0.0,0.2314139449060511,6.084123098608445,0.0
3989,0.322,0.250853691029397,0.0011463089706030272,0.0,0.071146308970603,6.0165341050863725,0.0
3990,0.322,0.322,0.07700000000000001,0.0,0.0,6.0165341050863725,0.0
3991,0.322,0.322,0.39199999999999996,0.0,0.0,6.0165341050863725,0.0
3992,0.395,0.395,1.243,0.0,0.0,6.0165341050863725,0.0
3993,0.322,0.322,2.198,0.0,0.0,6.0165341050863725,0.0
3994,0.322,2.922,0.6269999999999998,2.6,0.0,8.486534105086372,0.0
3995,0.322,0.322,3.8359999999999994,0.0,0.0,8.486534105086372,0.0
3996,0.322,0.322,3.9129999999999994,0.0,0.0,8.486534105086372,0.0
3997,0.322,0.322,3.486,0.0,0.0,8.486534105086372,0.0
3998,0.322,0.322,3.3600000000000003,0.0,0.0,8.486534105086372,0.0
3999,0.995,0.995,2.295,0.0,0.0,8.486534105086372,0.0
4000,0.422,0.422,2.1679999999999997,0.0,0.0,8.486534105086372,0.0
4001,0.422,0.422,1.314,0.0,0.0,8.486534105086372,0.0
4002,2.422,1.080064503043237,0.004935496956762986,0.0,1.3419354969567632,7.211695382977448,0.0
4003,0.422,0.422,0.13800000000000007,0.0,0.0,7.211695382977448,0.0
4004,0.495,0.28569448145014664,0.0013055185498533906,0.0,0.20930551854985338,7.012855140355088,0.0
4005,0.422,0.09755421317809883,0.0004457868219011757,0.0,0.3244457868219011,6.70463164287428,0.0
4006,0.422,0.006968158084149917,3.184191585008274e-5,0.0,0.4150318419158501,6.310351393054223,0.0
4007,0.422,0.0,0.0,0.0,0.422,5.909451393054223,0.0
4008,0.322,0.0,0.0,0.0,0.322,5.6035513930542225,0.0
4009,0.322,0.0,0.0,0.0,0.322,5.297651393054222,0.0
4010,0.322,0.0,0.0,0.0,0.322,4.991751393054222,0.0
4011,0.322,0.0,0.0,0.0,0.322,4.685851393054222,0.0
4012,0.322,0.0,0.0,0.0,0.322,4.379951393054221,0.0
4013,0.322,0.048777106589049414,0.00022289341095058784,0.0,0.2732228934109506,4.120389644313819,0.0
4014,0.322,0.18814026827204774,0.0008597317279522565,0.0,0.13385973172795226,3.993222899172264,0.0
4015,0.322,0.322,0.08400000000000002,0.0,0.0,3.993222899172264,0.0
4016,0.395,0.395,0.30500000000000005,0.0,0.0,3.993222899172264,0.0
4017,0.322,0.322,0.8680000000000001,0.0,0.0,3.993222899172264,0.0
4018,0.322,0.322,1.4209999999999998,0.0,0.0,3.993222899172264,0.0
4019,0.322,0.322,1.967,0.0,0.0,3.993222899172264,0.0
4020,0.322,0.322,2.4290000000000003,0.0,0.0,3.993222899172264,0.0
4021,0.322,2.922,0.44499999999999984,2.6,0.0,6.463222899172263,0.0
4022,0.322,2.922,0.0389999999999997,2.6,0.0,8.933222899172263,0.0
4023,0.995,3.1426392959516125,0.014360704048387518,2.1476392959516124,0.0,10.973480230326295,0.0
4024,0.422,0.422,2.273,0.0,0.0,10.973480230326295,0.0
4025,0.422,0.422,1.8180000000000003,0.0,0.0,10.973480230326295,0.0
4026,2.422,1.3866634587458335,0.0063365412541664945,0.0,1.0353365412541666,9.989910516134836,0.0
4027,0.422,0.675911334162542,0.003088665837458038,0.25391133416254197,0.0,10.23112628358925,0.0
4028,0.495,0.3762805365440955,0.001719463455904513,0.0,0.11871946345590449,10.118342793306141,0.0
4029,0.422,0.11149052934639868,0.0005094706536013238,0.0,0.3105094706536013,9.823358796185222,0.0
4030,0.422,0.006968158084149917,3.184191585008274e-5,0.0,0.4150318419158501,9.429078546365165,0.0
4031,0.422,0.0,0.0,0.0,0.422,9.028178546365165,0.0
4032,0.322,0.0,0.0,0.0,0.322,8.722278546365166,0.0
4033,0.322,0.0,0.0,0.0,0.322,8.416378546365166,0.0
4034,0.322,0.0,0.0,0.0,0.322,8.110478546365165,0.0
4035,0.322,0.0,0.0,0.0,0.322,7.804578546365165,0.0
4036,0.322,0.06968158084149917,0.0003184191585008378,0.0,0.25231841915850084,7.564876048164588,0.0
4037,0.322,0.2578218491135469,0.001178150886453122,0.0,0.06417815088645308,7.503906804822459,0.0
4038,0.322,0.322,0.04899999999999999,0.0,0.0,7.503906804822459,0.0
4039,0.322,0.322,0.37100000000000005,0.0,0.0,7.503906804822459,0.0
4040,0.395,0.395,1.243,0.0,0.0,7.503906804822459,0.0
4041,0.322,0.322,2.2399999999999998,0.0,0.0,7.503906804822459,0.0
4042,0.322,1.9701021788816986,1.3828978211183012,1.6481021788816987,0.0,9.069603874760073,0.0
4043,0.322,0.322,3.563,0.0,0.0,9.069603874760073,0.0
4044,0.322,0.322,3.857,0.0,0.0,9.069603874760073,0.0
4045,0.322,0.322,3.808,0.0,0.0,9.069603874760073,0.0
4046,0.322,2.922,0.613,2.6,0.0,11.539603874760074,0.0
4047,0.995,0.995,2.05,0.0,0.0,11.539603874760074,0.0
4048,0.422,0.422,2.154,0.0,0.0,11.539603874760074,0.0
4049,0.422,0.422,1.4190000000000003,0.0,0.0,11.539603874760074,0.0
4050,2.422,1.1567142419688863,0.005285758031113863,0.0,1.2652857580311139,10.337582404630515,0.0
4051,0.422,0.6131979114051926,0.0028020885948073504,0.19119791140519268,0.0,10.519220420465448,0.0
4052,0.495,0.3065989557025963,0.0014010442974036752,0.0,0.18840104429740365,10.340239428382914,0.0
4053,0.422,0.09755421317809883,0.0004457868219011757,0.0,0.3244457868219011,10.032015930902109,0.0
4054,0.422,0.013936316168299835,6.368383170016548e-5,0.0,0.40806368383170016,9.644355431261994,0.0
4055,0.422,0.0,0.0,0.0,0.422,9.243455431261994,0.0
4056,0.322,0.0,0.0,0.0,0.322,8.937555431261995,0.0
4057,0.322,0.0,0.0,0.0,0.322,8.631655431261995,0.0
4058,0.322,0.0,0.0,0.0,0.322,8.325755431261996,0.0
4059,0.322,0.0,0.0,0.0,0.322,8.019855431261997,0.0
4060,0.322,0.06968158084149917,0.0003184191585008378,0.0,0.25231841915850084,7.7801529330614185,0.0
4061,0.322,0.24388553294524712,0.0011144670547529045,0.0,0.0781144670547529,7.705944189359404,0.0
4062,0.322,0.322,0.14,0.0,0.0,7.705944189359404,0.0
4063,0.322,0.7316565988357412,0.003343401164258797,0.4096565988357413,0.0,8.09511795825336,0.0
4064,0.395,0.395,1.257,0.0,0.0,8.09511795825336,0.0
4065,0.322,0.322,2.366,0.0,0.0,8.09511795825336,0.0
4066,0.322,0.322,3.1639999999999997,0.0,0.0,8.09511795825336,0.0
4067,0.322,0.322,3.535,0.0,0.0,8.09511795825336,0.0
4068,0.322,0.322,3.675,0.0,0.0,8.09511795825336,0.0
4069,0.322,0.322,3.9479999999999995,0.0,0.0,8.09511795825336,0.0
4070,0.322,2.922,0.9490000000000003,2.6,0.0,10.565117958253358,0.0
4071,0.995,0.995,2.505,0.0,0.0,10.565117958253358,0.0
4072,0.422,0.422,2.147,0.0,0.0,10.565117958253358,0.0
4073,0.422,1.6166126755227808,0.007387324477219348,1.1946126755227808,0.0,11.7,0.0
4074,2.422,1.1567142419688863,0.005285758031113863,0.0,1.2652857580311139,10.497978529870442,0.0
4075,0.422,0.6271342275734926,0.002865772426507429,0.2051342275734925,0.0,10.69285604606526,0.0
4076,0.495,0.4111213269648451,0.0018786730351548764,0.0,0.08387867303515495,10.613171306681863,0.0
4077,0.422,0.2020765844403476,0.0009234155596524185,0.0,0.2199234155596524,10.404244061900194,0.0
4078,0.422,0.034840790420749584,0.0001592095792504189,0.0,0.3871592095792504,10.036442812799907,0.0
4079,0.422,0.0,0.0,0.0,0.422,9.635542812799907,0.0
4080,0.322,0.0,0.0,0.0,0.322,9.329642812799907,0.0
4081,0.322,0.0,0.0,0.0,0.322,9.023742812799908,0.0
4082,0.322,0.0,0.0,0.0,0.322,8.717842812799908,0.0
4083,0.322,0.0,0.0,0.0,0.322,8.411942812799909,0.0
4084,0.322,0.0418089485048995,0.0001910514951004999,0.0,0.2801910514951005,8.145761313879563,0.0
4085,0.322,0.13936316168299834,0.0006368383170016756,0.0,0.18263683831700167,7.972256317478411,0.0
4086,0.322,0.23691737486109718,0.0010826251389028374,0.0,0.08508262513890283,7.8914278235964535,0.0
4087,0.322,0.322,0.028000000000000025,0.0,0.0,7.8914278235964535,0.0
4088,0.395,0.395,0.123,0.0,0.0,7.8914278235964535,0.0
4089,0.322,0.9267650251919389,0.0042349748080611205,0.6047650251919389,0.0,8.465954597528796,0.0
4090,0.322,0.322,1.379,0.0,0.0,8.465954597528796,0.0
4091,0.322,0.322,2.268,0.0,0.0,8.465954597528796,0.0
4092,0.322,0.322,3.269,0.0,0.0,8.465954597528796,0.0
4093,0.322,0.322,3.752,0.0,0.0,8.465954597528796,0.0
4094,0.322,0.322,3.269,0.0,0.0,8.465954597528796,0.0
4095,0.995,0.995,1.9729999999999999,0.0,0.0,8.465954597528796,0.0
4096,0.422,1.9441161054778269,0.008883894522173419,1.522116105477827,0.0,9.911964897732732,0.0
4097,0.422,0.422,1.272,0.0,0.0,9.911964897732732,0.0
4098,2.422,1.1915550323896358,0.005444967610364282,0.0,1.2304449676103644,8.743042178502884,0.0
4099,0.422,0.6550068599100922,0.0029931400899078087,0.2330068599100922,0.0,8.964398695417472,0.0
4100,0.495,0.4041531688806952,0.001846831119304837,0.0,0.09084683111930479,8.878094205854133,0.0
4101,0.422,0.18117211018789783,0.0008278898121021616,0.0,0.24082788981210215,8.649307710532637,0.0
4102,0.422,0.034840790420749584,0.0001592095792504189,0.0,0.3871592095792504,8.28150646143235,0.0
4103,0.422,0.0,0.0,0.0,0.422,7.8806064614323486,0.0
4104,0.322,0.0,0.0,0.0,0.322,7.574706461432348,0.0
4105,0.322,0.0,0.0,0.0,0.322,7.268806461432348,0.0
4106,0.322,0.0,0.0,0.0,0.322,6.962906461432348,0.0
4107,0.322,0.0,0.0,0.0,0.322,6.657006461432347,0.0
4108,0.322,0.0418089485048995,0.0001910514951004999,0.0,0.2801910514951005,6.390824962512002,0.0
4109,0.322,0.167235794019598,0.0007642059804019996,0.0,0.154764205980402,6.24379896683062,0.0
4110,0.322,0.322,0.055999999999999994,0.0,0.0,6.24379896683062,0.0
4111,0.322,0.322,0.315,0.0,0.0,6.24379896683062,0.0
4112,0.395,0.395,0.683,0.0,0.0,6.24379896683062,0.0
4113,0.322,0.322,1.1829999999999998,0.0,0.0,6.24379896683062,0.0
4114,0.322,1.3221628920850463,0.6028371079149539,1.0001628920850465,0.0,7.193953714311415,0.0
4115,0.322,0.322,1.9809999999999999,0.0,0.0,7.193953714311415,0.0
4116,0.322,2.5573140168830193,0.011685983116980658,2.2353140168830192,0.0,9.317502030350282,0.0
4117,0.322,0.322,2.408,0.0,0.0,9.317502030350282,0.0
4118,0.322,0.322,2.331,0.0,0.0,9.317502030350282,0.0
4119,0.995,0.995,1.392,0.0,0.0,9.317502030350282,0.0
4120,0.422,0.422,1.5030000000000003,0.0,0.0,9.317502030350282,0.0
4121,0.422,0.422,0.7750000000000001,0.0,0.0,9.317502030350282,0.0
4122,2.422,0.7177202826674414,0.003279717332558607,0.0,1.7042797173325588,7.698436298884353,0.0
4123,0.422,0.35537606229164576,0.0016239377083542283,0.0,0.06662393770835424,7.635143558061416,0.0
4124,0.495,0.11845868743054859,0.0005413125694514187,0.0,0.3765413125694514,7.277429311120438,0.0
4125,0.422,0.048777106589049414,0.00022289341095058784,0.0,0.37322289341095055,6.922867562380034,0.0
4126,0.422,0.0,0.0,0.0,0.422,6.521967562380034,0.0
4127,0.422,0.0,0.0,0.0,0.422,6.121067562380034,0.0
4128,0.322,0.0,0.0,0.0,0.322,5.815167562380034,0.0
4129,0.322,0.0,0.0,0.0,0.322,5.509267562380034,0.0
4130,0.322,0.0,0.0,0.0,0.322,5.203367562380033,0.0
4131,0.322,0.0,0.0,0.0,0.322,4.897467562380033,0.0
4132,0.322,0.09058605509394892,0.0004139449060510808,0.0,0.2314139449060511,4.677624314719284,0.0
4133,0.322,0.2787263233659967,0.0012736766340033512,0.0,0.04327367663400331,4.63651432191698,0.0
4134,0.322,0.322,0.182,0.0,0.0,4.63651432191698,0.0
4135,0.322,0.322,0.49000000000000005,0.0,0.0,4.63651432191698,0.0
4136,0.395,0.395,0.8719999999999999,0.0,0.0,4.63651432191698,0.0
4137,0.322,0.322,1.099,0.0,0.0,4.63651432191698,0.0
4138,0.322,1.5538992527654314,0.00710074723456855,1.2318992527654313,0.0,5.80681861204414,0.0
4139,0.322,2.3413011162743724,0.010698883725627883,2.0193011162743724,0.0,7.725154672504793,0.0
4140,0.322,0.322,2.7159999999999997,0.0,0.0,7.725154672504793,0.0
4141,0.322,0.322,2.5549999999999997,0.0,0.0,7.725154672504793,0.0
4142,0.322,2.417950855200021,0.011049144799978983,2.095950855200021,0.0,9.716307984944814,0.0
4143,0.995,1.9650205797302762,0.008979420269723537,0.9700205797302763,0.0,10.637827535688576,0.0
4144,0.422,1.4981539880922319,0.006846011907768013,1.076153988092232,0.0,11.660173824376196,0.0
4145,0.422,0.422,0.607,0.0,0.0,11.660173824376196,0.0
4146,2.422,0.7246884407515913,0.0033115592484086465,0.0,1.697311559248409,10.047727843090206,0.0
4147,0.422,0.422,0.10300000000000004,0.0,0.0,10.047727843090206,0.0
4148,0.495,0.3762805365440955,0.001719463455904513,0.0,0.11871946345590449,9.934944352807099,0.0
4149,0.422,0.18814026827204774,0.0008597317279522565,0.0,0.23385973172795224,9.712777607665544,0.0
4150,0.422,0.034840790420749584,0.0001592095792504189,0.0,0.3871592095792504,9.344976358565257,0.0
4151,0.422,0.0,0.0,0.0,0.422,8.944076358565257,0.0
4152,0.322,0.0,0.0,0.0,0.322,8.638176358565257,0.0
4153,0.322,0.0,0.0,0.0,0.322,8.332276358565258,0.0
4154,0.322,0.0,0.0,0.0,0.322,8.026376358565257,0.0
4155,0.322,0.0,0.0,0.0,0.322,7.720476358565257,0.0
4156,0.322,0.06968158084149917,0.0003184191585008378,0.0,0.25231841915850084,7.480773860364681,0.0
4157,0.322,0.250853691029397,0.0011463089706030272,0.0,0.071146308970603,7.413184866842609,0.0
4158,0.322,0.322,0.17499999999999993,0.0,0.0,7.413184866842609,0.0
4159,0.322,0.322,0.441,0.0,0.0,7.413184866842609,0.0
4160,0.395,0.395,0.7950000000000002,0.0,0.0,7.413184866842609,0.0
4161,0.322,0.322,0.9309999999999998,0.0,0.0,7.413184866842609,0.0
4162,0.322,0.322,1.883,0.0,0.0,7.413184866842609,0.0
4163,0.322,0.322,2.1209999999999996,0.0,0.0,7.413184866842609,0.0
4164,0.322,2.3970463809475713,0.010953619052428643,2.075046380947571,0.0,9.3844789287428,0.0
4165,0.322,0.322,2.303,0.0,0.0,9.3844789287428,0.0
4166,0.322,2.7593906013233673,0.01260939867663291,2.4373906013233673,0.0,11.7,0.0
4167,0.995,0.995,1.392,0.0,0.0,11.7,0.0
4168,0.422,0.422,1.4750000000000003,0.0,0.0,11.7,0.0
4169,0.422,0.422,1.048,0.0,0.0,11.7,0.0
4170,2.422,0.912828709023639,0.004171290976361042,0.0,1.509171290976361,10.266287273572457,0.0
4171,0.422,0.422,0.15900000000000009,0.0,0.0,10.266287273572457,0.0
4172,0.495,0.334471588039196,0.0015284119608039992,0.0,0.16052841196080397,10.113785282209694,0.0
4173,0.422,0.13936316168299834,0.0006368383170016756,0.0,0.28263683831700165,9.845280285808542,0.0
4174,0.422,0.02787263233659967,0.00012736766340033095,0.0,0.3941273676634003,9.470859286528311,0.0
4175,0.422,0.0,0.0,0.0,0.422,9.069959286528311,0.0
4176,0.322,0.0,0.0,0.0,0.322,8.764059286528312,0.0
4177,0.322,0.0,0.0,0.0,0.322,8.458159286528312,0.0
4178,0.322,0.0,0.0,0.0,0.322,8.152259286528313,0.0
4179,0.322,0.0,0.0,0.0,0.322,7.8463592865283145,0.0
4180,0.322,0.05574526467319934,0.0002547353268006619,0.0,0.2662547353268007,7.593417287967854,0.0
4181,0.322,0.22298105869279736,0.0010189413072026476,0.0,0.09901894130720268,7.499349293726011,0.0
4182,0.322,0.322,0.09799999999999998,0.0,0.0,7.499349293726011,0.0
4183,0.322,0.322,0.35700000000000004,0.0,0.0,7.499349293726011,0.0
4184,0.395,0.9616058156126887,0.004394184387311428,0.5666058156126886,0.0,8.037624818558065,0.0
4185,0.322,0.322,1.1689999999999998,0.0,0.0,8.037624818558065,0.0
4186,0.322,0.322,1.6310000000000002,0.0,0.0,8.037624818558065,0.0
4187,0.322,0.322,1.8689999999999998,0.0,0.0,8.037624818558065,0.0
4188,0.322,0.322,2.394,0.0,0.0,8.037624818558065,0.0
4189,0.322,0.322,2.5479999999999996,0.0,0.0,8.037624818558065,0.0
4190,0.322,2.773326917491667,0.012673082508332989,2.451326917491667,0.0,10.366385390175147,0.0
4191,0.995,0.995,1.4339999999999997,0.0,0.0,10.366385390175147,0.0
4192,0.422,0.422,1.622,0.0,0.0,10.366385390175147,0.0
4193,0.422,1.6793260982801297,0.0076739017198701465,1.2573260982801298,0.0,11.560845183541272,0.0
4194,2.422,1.2751729293994347,0.005827070600565198,0.0,1.1468270706005654,10.471359466470734,0.0
4195,0.422,0.6480387018259423,0.0029612981740577693,0.22603870182594224,0.0,10.686096233205378,0.0
4196,0.495,0.43202580121729484,0.001974198782705161,0.0,0.06297419878270516,10.62627074436181,0.0
4197,0.422,0.22298105869279736,0.0010189413072026476,0.0,0.19901894130720263,10.437202750119965,0.0
4198,0.422,0.048777106589049414,0.00022289341095058784,0.0,0.37322289341095055,10.082641001379562,0.0
4199,0.422,0.0,0.0,0.0,0.422,9.681741001379562,0.0
4200,0.322,0.0,0.0,0.0,0.322,9.375841001379563,0.0
4201,0.322,0.0,0.0,0.0,0.322,9.069941001379563,0.0
4202,0.322,0.0,0.0,0.0,0.322,8.764041001379564,0.0
4203,0.322,0.0,0.0,0.0,0.322,8.458141001379564,0.0
4204,0.322,0.07664973892564908,0.0003502610743509188,0.0,0.24535026107435093,8.225058253358933,0.0
4205,0.322,0.2578218491135469,0.001178150886453122,0.0,0.06417815088645308,8.1640890100168,0.0
4206,0.322,0.322,0.182,0.0,0.0,8.1640890100168,0.0
4207,0.322,0.322,0.49000000000000005,0.0,0.0,8.1640890100168,0.0
4208,0.395,0.395,1.061,0.0,0.0,8.1640890100168,0.0
4209,0.322,0.322,1.491,0.0,0.0,8.1640890100168,0.0
4210,0.322,0.322,1.694,0.0,0.0,8.1640890100168,0.0
4211,0.322,2.3134284839377726,0.010571516062227726,1.9914284839377725,0.0,10.055946069757685,0.0
4212,0.322,0.322,2.1839999999999997,0.0,0.0,10.055946069757685,0.0
4213,0.322,0.322,2.205,0.0,0.0,10.055946069757685,0.0
4214,0.322,1.603563323946855,0.4194366760531447,1.281563323946855,0.0,11.273431227507196,0.0
4215,0.995,0.995,0.531,0.0,0.0,11.273431227507196,0.0
4216,0.422,0.422,0.7470000000000001,0.0,0.0,11.273431227507196,0.0
4217,0.422,0.8710197605187396,0.003980239481260361,0.4490197605187396,0.0,11.7,0.0
4218,2.422,0.5853252790685931,0.002674720931406971,0.0,1.836674720931407,9.955159015115164,0.0
4219,0.422,0.3832486946282454,0.0017513053717546079,0.0,0.038751305371754564,9.918345275011996,0.0
4220,0.495,0.24388553294524712,0.0011144670547529045,0.0,0.2511144670547529,9.679786531309981,0.0
4221,0.422,0.11149052934639868,0.0005094706536013238,0.0,0.3105094706536013,9.38480253418906,0.0
4222,0.422,0.013936316168299835,6.368383170016548e-5,0.0,0.40806368383170016,8.997142034548945,0.0
4223,0.422,0.0,0.0,0.0,0.422,8.596242034548945,0.0
4224,0.322,0.0,0.0,0.0,0.322,8.290342034548946,0.0
4225,0.322,0.0,0.0,0.0,0.322,7.9844420345489455,0.0
4226,0.322,0.0,0.0,0.0,0.322,7.678542034548945,0.0
4227,0.322,0.0,0.0,0.0,0.322,7.372642034548945,0.0
4228,0.322,0.06271342275734924,0.0002865772426507568,0.0,0.25928657724265075,7.126319786168427,0.0
4229,0.322,0.19510842635619766,0.0008915736438023514,0.0,0.12689157364380235,7.005772791206815,0.0
4230,0.322,0.322,0.09799999999999998,0.0,0.0,7.005772791206815,0.0
4231,0.322,0.322,0.37800000000000006,0.0,0.0,7.005772791206815,0.0
4232,0.395,0.395,0.935,0.0,0.0,7.005772791206815,0.0
4233,0.322,2.243746903096273,0.010253096903726888,1.921746903096273,0.0,8.831432349148274,0.0
4234,0.322,0.322,2.751,0.0,0.0,8.831432349148274,0.0
4235,0.322,0.322,3.255,0.0,0.0,8.831432349148274,0.0
4236,0.322,0.322,4.0249999999999995,0.0,0.0,8.831432349148274,0.0
4237,0.322,0.322,4.088,0.0,0.0,8.831432349148274,0.0
4238,0.322,0.322,3.213,0.0,0.0,8.831432349148274,0.0
4239,0.995,0.995,1.553,0.0,0.0,8.831432349148274,0.0
4240,0.422,0.422,1.3840000000000001,0.0,0.0,8.831432349148274,0.0
4241,0.422,0.9755421317809885,0.004457868219011618,0.5535421317809884,0.0,9.357297374340213,0.0
4242,2.422,0.6131979114051926,0.0028020885948073504,0.0,1.8088020885948075,7.638935390175148,0.0
4243,0.422,0.3832486946282454,0.0017513053717546079,0.0,0.038751305371754564,7.6021216500719815,0.0
4244,0.495,0.21601290060864742,0.0009870993913525805,0.0,0.27898709939135263,7.3370839056501955,0.0
4245,0.422,0.06271342275734924,0.0002865772426507568,0.0,0.35928657724265073,6.995761657269678,0.0
4246,0.422,0.006968158084149917,3.184191585008274e-5,0.0,0.4150318419158501,6.60148140744962,0.0
4247,0.422,0.0,0.0,0.0,0.422,6.20058140744962,0.0
4248,0.322,0.0,0.0,0.0,0.322,5.89468140744962,0.0
4249,0.322,0.0,0.0,0.0,0.322,5.58878140744962,0.0
4250,0.322,0.0,0.0,0.0,0.322,5.2828814074496195,0.0
4251,0.322,0.0,0.0,0.0,0.322,4.976981407449619,0.0
4252,0.322,0.0,0.0,0.0,0.322,4.671081407449619,0.0
4253,0.322,0.02090447425244975,9.552574755024995e-5,0.0,0.3010955257475502,4.385040657989447,0.0
4254,0.322,0.1254268455146985,0.0005731544853015136,0.0,0.19657315448530152,4.19829616122841,0.0
4255,0.322,0.322,0.007000000000000006,0.0,0.0,4.19829616122841,0.0
4256,0.395,0.5365481724795436,0.0024518275204564732,0.1415481724795436,0.0,4.332766925083978,0.0
4257,0.322,0.8222426539296902,0.0037573460703097528,0.5002426539296903,0.0,4.807997446317183,0.0
4258,0.322,1.080064503043237,0.004935496956762986,0.758064503043237,0.0,5.528158724208257,0.0
4259,0.322,0.322,1.1129999999999998,0.0,0.0,5.528158724208257,0.0
4260,0.322,1.985925053982726,0.009074946017273877,1.663925053982726,0.0,7.1088875254918475,0.0
4261,0.322,0.322,1.4489999999999998,0.0,0.0,7.1088875254918475,0.0
4262,0.322,2.278587693517023,0.010412306482977307,1.9565876935170228,0.0,8.967645834333018,0.0
4263,0.995,1.9162434731412272,0.00875652685877304,0.9212434731412272,0.0,9.842827133817183,0.0
4264,0.422,2.0347021605717757,0.009297839428224375,1.6127021605717757,0.0,11.37489418636037,0.0
4265,0.422,0.7642166459364516,0.5447833540635484,0.34221664593645157,0.0,11.7,0.0
4266,2.422,0.8988923928553392,0.004107607144660852,0.0,0.1842297533210426,11.524981734345008,1.3388778538236183
4267,0.422,0.6062297533210428,0.0027702466789572,0.18422975332104274,0.0,11.7,0.0
4268,0.495,0.3205352718708962,0.0014647281291038095,0.0,0.17446472812910382,11.53425850827735,0.0
4269,0.422,0.083617897009799,0.0003821029902009998,0.0,0.338382102990201,11.21279551043666,0.0
4270,0.422,0.006968158084149917,3.184191585008274e-5,0.0,0.4150318419158501,10.818515260616602,0.0
4271,0.422,0.0,0.0,0.0,0.422,10.417615260616602,0.0
4272,0.322,0.0,0.0,0.0,0.322,10.111715260616602,0.0
4273,0.322,0.0,0.0,0.0,0.0,10.111715260616602,0.322
4274,0.322,0.0,0.0,0.0,0.0,10.111715260616602,0.322
4275,0.322,0.0,0.0,0.0,0.0,10.111715260616602,0.322
4276,0.322,0.02787263233659967,0.00012736766340033095,0.0,0.2941273676634003,9.832294261336374,0.0
4277,0.322,0.083617897009799,0.0003821029902009998,0.0,0.238382102990201,9.605831263495682,0.0
4278,0.322,0.19510842635619766,0.0008915736438023514,0.0,0.0,9.605831263495682,0.12689157364380235
4279,0.322,0.2787263233659967,0.0012736766340033512,0.0,0.04327367663400331,9.564721270693381,0.0
4280,0.395,0.21601290060864742,0.0009870993913525805,0.0,0.1789870993913526,9.394683526271594,0.0
4281,0.322,0.23691737486109718,0.0010826251389028374,0.0,0.0,9.394683526271594,0.08508262513890283
4282,0.322,0.23691737486109718,0.0010826251389028374,0.0,0.08508262513890283,9.313855032389638,0.0
4283,0.322,0.3065989557025963,0.0014010442974036752,0.0,0.01540104429740368,9.299224040307104,0.0
4284,0.322,0.4041531688806952,0.001846831119304837,0.0821531688806952,0.0,9.377269550743765,0.0
4285,0.322,0.3902168527123953,0.0017831472876047028,0.06821685271239528,0.0,9.44207556082054,0.0
4286,0.322,0.29266263953429655,0.0013373604657034854,0.0,0.02933736046570347,9.41420506837812,0.0
4287,0.995,0.29266263953429655,0.0013373604657034854,0.0,0.0,9.41420506837812,0.7023373604657034
4288,0.422,0.3762805365440955,0.001719463455904513,0.0,0.0,9.41420506837812,0.04571946345590448
4289,0.422,0.3135671137867463,0.0014328862132537146,0.0,0.10843288621325368,9.311193826475531,0.0
4290,2.422,0.27175816528184676,0.0012418347181532563,0.0,0.5162618982978081,8.82074502309261,1.6339799364203453
4291,0.422,0.14633131976714828,0.0006686802328517427,0.0,0.0,8.82074502309261,0.2756686802328517
4292,0.495,0.02787263233659967,0.00012736766340033095,0.0,0.4671273676634003,8.376974023812378,0.0
4293,0.422,0.0,0.0,0.0,0.0,8.376974023812378,0.422
4294,0.422,0.0,0.0,0.0,0.422,7.97607402381238,0.0
4295,0.422,0.0,0.0,0.0,0.422,7.57517402381238,0.0
4296,0.322,0.0,0.0,0.0,0.322,7.26927402381238,0.0
4297,0.322,0.0,0.0,0.0,0.322,6.96337402381238,0.0
4298,0.322,0.0,0.0,0.0,0.322,6.657474023812379,0.0
4299,0.322,0.0,0.0,0.0,0.322,6.351574023812379,0.0
4300,0.322,0.006968158084149917,3.184191585008274e-5,0.0,0.3150318419158501,6.0522937739923215,0.0
4301,0.322,0.048777106589049414,0.00022289341095058784,0.0,0.0,6.0522937739923215,0.2732228934109506
4302,0.322,0.083617897009799,0.0003821029902009998,0.0,0.238382102990201,5.82583077615163,0.0
4303,0.322,0.13936316168299834,0.0006368383170016756,0.0,0.18263683831700167,5.652325779750478,0.0
4304,0.395,0.2090447425244975,0.0009552574755024856,0.0,0.1859552574755025,5.4756682851487515,0.0
4305,0.322,0.2996307976184464,0.0013692023815535803,0.0,0.022369202381553602,5.454417542886275,0.0
4306,0.322,0.4459621173855947,0.0020378826144052953,0.12396211738559466,0.0,5.572181554402589,0.0
4307,0.322,0.49473922397464404,0.002260776025355904,0.17273922397464403,0.0,5.736283817178501,0.0
4308,0.322,0.5435163305636935,0.0024836694363065126,0.22151633056369352,0.0,5.946724331214011,0.0
4309,0.322,1.0103829222017378,0.004617077798262148,0.6883829222017378,0.0,6.600688107305662,0.0
4310,0.322,1.0521918707066373,0.004808129293362606,0.7301918707066373,0.0,7.2943703844769665,0.0
4311,0.995,1.0521918707066373,0.004808129293362606,0.05719187070663736,0.0,7.3487026616482725,0.0
4312,0.422,0.84314712818214,0.003852871817859982,0.4211471281821399,0.0,7.748792433421304,0.0
4313,0.422,0.745592915004041,0.0034070849959589866,0.3235929150040411,0.0,8.056205702675143,0.0
4314,2.422,0.5086755401429439,0.0023244598570560937,0.0,1.913324459857056,6.2385474658109406,0.0
4315,0.422,0.250853691029397,0.0011463089706030272,0.0,0.17114630897060298,6.075958472288867,0.0
4316,0.495,0.10452237126224875,0.0004776287377512428,0.0,0.3904776287377512,5.705004724988003,0.0
4317,0.422,0.034840790420749584,0.0001592095792504189,0.0,0.3871592095792504,5.337203475887716,0.0
4318,0.422,0.0,0.0,0.0,0.422,4.936303475887716,0.0
4319,0.422,0.0,0.0,0.0,0.422,4.5354034758877155,0.0
4320,0.322,0.0,0.0,0.0,0.322,4.229503475887715,0.0
4321,0.322,0.0,0.0,0.0,0.322,3.923603475887716,0.0
4322,0.322,0.0,0.0,0.0,0.322,3.617703475887716,0.0
4323,0.322,0.0,0.0,0.0,0.322,3.3118034758877157,0.0
4324,0.322,0.006968158084149917,3.184191585008274e-5,0.0,0.3150318419158501,3.012523226067658,0.0
4325,0.322,0.083617897009799,0.0003821029902009998,0.0,0.238382102990201,2.786060228226967,0.0
4326,0.322,0.1602676359354481,0.0007323640645519047,0.0,0.1617323640645519,2.632414482365643,0.0
4327,0.322,0.35537606229164576,0.0016239377083542283,0.03337606229164572,0.0,2.6641217415427065,0.0
4328,0.395,0.3275034299550461,0.0014965700449539043,0.0,0.06749657004495392,2.6,0.0
4329,0.322,0.3753010089402884,0.09369899105971163,0.05330100894028836,0.0,2.6506359584932744,0.0
4330,0.322,1.5329947785129816,0.0070052214870184315,1.2109947785129815,0.0,3.801080998080607,0.0
4331,0.322,0.322,1.134,0.0,0.0,3.801080998080607,0.0
4332,0.322,1.5329947785129816,0.0070052214870184315,1.2109947785129815,0.0,4.951526037667938,0.0
4333,0.322,2.1252882156657242,0.009711784334275553,1.8032882156657242,0.0,6.664649842550376,0.0
4334,0.322,0.322,1.316,0.0,0.0,6.664649842550376,0.0
4335,0.995,1.505122146176382,0.006877853823618052,0.510122146176382,0.0,7.14926588141794,0.0
4336,0.422,1.351822668325084,0.006177331674916076,0.929822668325084,0.0,8.03259741632677,0.0
4337,0.422,0.83617897009799,0.0038210299020099425,0.41417897009799,0.0,8.426067437919858,0.0
4338,2.422,0.5156436982270938,0.002356301772906244,0.0,1.9063563017729062,6.615028951235598,0.0
4339,0.422,0.21601290060864742,0.0009870993913525805,0.0,0.20598709939135257,6.419341206813813,0.0
4340,0.495,0.250853691029397,0.0011463089706030272,0.0,0.244146308970603,6.18740221329174,0.0
4341,0.422,0.09755421317809883,0.0004457868219011757,0.0,0.3244457868219011,5.8791787158109345,0.0
4342,0.422,0.0,0.0,0.0,0.422,5.4782787158109345,0.0
4343,0.422,0.0,0.0,0.0,0.422,5.0773787158109345,0.0
4344,0.322,0.0,0.0,0.0,0.322,4.771478715810934,0.0
4345,0.322,0.0,0.0,0.0,0.322,4.465578715810934,0.0
4346,0.322,0.0,0.0,0.0,0.322,4.159678715810934,0.0
4347,0.322,0.0,0.0,0.0,0.322,3.8537787158109333,0.0
4348,0.322,0.006968158084149917,3.184191585008274e-5,0.0,0.3150318419158501,3.554498465990876,0.0
4349,0.322,0.10452237126224875,0.0004776287377512428,0.0,0.21747762873775128,3.3478947186900117,0.0
4350,0.322,0.3135671137867463,0.0014328862132537146,0.0,0.008432886213253702,3.339883476787421,0.0
4351,0.322,0.322,0.329,0.0,0.0,3.339883476787421,0.0
4352,0.395,1.0521918707066373,0.004808129293362606,0.6571918707066373,0.0,3.964215753958726,0.0
4353,0.322,0.322,1.1269999999999998,0.0,0.0,3.964215753958726,0.0
4354,0.322,1.8465618922997278,0.008438107700272202,1.5245618922997277,0.0,5.412549551643467,0.0
4355,0.322,1.9023071569729273,0.008692843027072739,1.5803071569729272,0.0,6.913841350767748,0.0
4356,0.322,1.9023071569729273,0.008692843027072739,1.5803071569729272,0.0,8.415133149892029,0.0
4357,0.322,0.322,1.6869999999999998,0.0,0.0,8.415133149892029,0.0
4358,0.322,0.322,1.8129999999999997,0.0,0.0,8.415133149892029,0.0
4359,0.995,2.4040145390317216,0.01098546096827846,1.4090145390317212,0.0,9.753696961972162,0.0
4360,0.422,1.8744345246363274,0.008565475363672581,1.4524345246363275,0.0,11.133509760376676,0.0
4361,0.422,0.422,0.9640000000000002,0.0,0.0,11.133509760376676,0.0
4362,2.422,1.2194276647262352,0.005572335273764661,0.0,1.202572335273765,9.991066041866599,0.0
4363,0.422,0.6968158084149917,0.003184191585008378,0.2748158084149917,0.0,10.25214105986084,0.0
4364,0.495,0.4598984335538945,0.0021015664461055406,0.0,0.03510156644610547,10.21879457173704,0.0
4365,0.422,0.1602676359354481,0.0007323640645519047,0.0,0.26173236406455186,9.970148825875718,0.0
4366,0.422,0.02787263233659967,0.00012736766340033095,0.0,0.3941273676634003,9.595727826595487,0.0
4367,0.422,0.0,0.0,0.0,0.422,9.194827826595487,0.0
4368,0.322,0.0,0.0,0.0,0.322,8.888927826595488,0.0
4369,0.322,0.0,0.0,0.0,0.322,8.583027826595488,0.0
4370,0.322,0.0,0.0,0.0,0.322,8.277127826595489,0.0
4371,0.322,0.0,0.0,0.0,0.322,7.971227826595489,0.0
4372,0.322,0.0418089485048995,0.0001910514951004999,0.0,0.2801910514951005,7.705046327675143,0.0
4373,0.322,0.2020765844403476,0.0009234155596524185,0.0,0.11992341555965241,7.591119082893473,0.0
4374,0.322,0.322,0.196,0.0,0.0,7.591119082893473,0.0
4375,0.322,0.8222426539296902,0.0037573460703097528,0.5002426539296903,0.0,8.066349604126678,0.0
4376,0.395,1.3309181940726342,0.0060818059273657354,0.935918194072634,0.0,8.955471888495682,0.0
4377,0.322,0.322,0.9589999999999999,0.0,0.0,8.955471888495682,0.0
4378,0.322,1.3796953006616839,0.006304699338316233,1.0576953006616838,0.0,9.960282424124278,0.0
4379,0.322,0.322,1.267,0.0,0.0,9.960282424124278,0.0
4380,0.322,0.322,1.288,0.0,0.0,9.960282424124278,0.0
4381,0.322,0.322,1.379,0.0,0.0,9.960282424124278,0.0
4382,0.322,0.322,1.288,0.0,0.0,9.960282424124278,0.0
4383,0.995,1.3936316168299834,0.006368383170016756,0.39863161682998344,0.0,10.338982460112765,0.0
4384,0.422,1.1358097677164365,0.005190232283563523,0.7138097677164364,0.0,11.017101739443378,0.0
4385,0.422,0.919796867107789,0.004203132892211081,0.49779686710778903,0.0,11.49000876319578,0.0
4386,2.422,0.5992615952368928,0.0027384047631071606,0.0,1.8227384047631077,9.758407278670827,0.0
4387,0.422,0.48777106589049424,0.002228934109505809,0.06577106589049422,0.0,9.820889791266795,0.0
4388,0.495,0.27175816528184676,0.0012418347181532563,0.0,0.2232418347181532,9.60881004828455,0.0
4389,0.422,0.09058605509394892,0.0004139449060510808,0.0,0.3314139449060511,9.293966800623801,0.0
4390,0.422,0.006968158084149917,3.184191585008274e-5,0.0,0.4150318419158501,8.899686550803743,0.0
4391,0.422,0.0,0.0,0.0,0.422,8.498786550803743,0.0
4392,0.322,0.0,0.0,0.0,0.322,8.192886550803744,0.0
4393,0.322,0.0,0.0,0.0,0.322,7.886986550803743,0.0
4394,0.322,0.0,0.0,0.0,0.322,7.581086550803743,0.0
4395,0.322,0.0,0.0,0.0,0.322,7.275186550803743,0.0
4396,0.322,0.013936316168299835,6.368383170016548e-5,0.0,0.3080636838317002,6.982526051163628,0.0
4397,0.322,0.07664973892564908,0.0003502610743509188,0.0,0.24535026107435093,6.749443303142995,0.0
4398,0.322,0.1254268455146985,0.0005731544853015136,0.0,0.19657315448530152,6.562698806381957,0.0
4399,0.322,0.18814026827204774,0.0008597317279522565,0.0,0.13385973172795226,6.435532061240403,0.0
4400,0.395,0.2996307976184464,0.0013692023815535803,0.0,0.09536920238155361,6.344931318977927,0.0
4401,0.322,0.4389939593014448,0.0020060406985552004,0.11699395930144474,0.0,6.456075580314299,0.0
4402,0.322,0.5574526467319934,0.0025473532680067024,0.2354526467319934,0.0,6.679755594709693,0.0
4403,0.322,0.6828794922466919,0.003120507753308188,0.36087949224669186,0.0,7.022591112344049,0.0
4404,0.322,0.7316565988357412,0.003343401164258797,0.4096565988357413,0.0,7.411764881238004,0.0
4405,0.322,0.7386247569198912,0.0033752430801088362,0.41662475691989115,0.0,7.8075584003119,0.0
4406,0.322,0.8222426539296902,0.0037573460703097528,0.5002426539296903,0.0,8.282788921545105,0.0
4407,0.995,0.7107521245832915,0.0032478754167084567,0.0,0.28424787541670854,8.012753439899232,0.0
4408,0.422,0.6410705437417924,0.002929456258207619,0.21907054374179236,0.0,8.220870456453932,0.0
4409,0.422,0.5156436982270938,0.002356301772906244,0.09364369822709386,0.0,8.309831969769675,0.0
4410,2.422,0.3693123784599456,0.0016876215400544181,0.0,2.0526876215400547,6.359778729306622,0.0
4411,0.422,0.22994921677694724,0.0010507832230527703,0.0,0.19205078322305275,6.177330485244722,0.0
4412,0.495,0.1254268455146985,0.0005731544853015136,0.0,0.3695731544853015,5.826235988483685,0.0
4413,0.422,0.02787263233659967,0.00012736766340033095,0.0,0.3941273676634003,5.451814989203455,0.0
4414,0.422,0.0,0.0,0.0,0.422,5.050914989203455,0.0
4415,0.422,0.0,0.0,0.0,0.422,4.650014989203455,0.0
4416,0.322,0.0,0.0,0.0,0.322,4.3441149892034545,0.0
4417,0.322,0.0,0.0,0.0,0.322,4.038214989203454,0.0
4418,0.322,0.0,0.0,0.0,0.322,3.7323149892034544,0.0
4419,0.322,0.0,0.0,0.0,0.322,3.4264149892034546,0.0
4420,0.322,0.0,0.0,0.0,0.322,3.1205149892034547,0.0
4421,0.322,0.034840790420749584,0.0001592095792504189,0.0,0.2871592095792504,2.847713740103167,0.0
4422,0.322,0.11149052934639868,0.0005094706536013238,0.0,0.21050947065360134,2.6477297429822455,0.0
4423,0.322,0.27175816528184676,0.0012418347181532563,0.0,0.05024183471815324,2.6,0.0
4424,0.395,0.4668665916380444,0.0021334083619556354,0.07186659163804443,0.0,2.6682732620561422,0.0
4425,0.322,0.668943176078392,0.0030568239216079984,0.34694317607839203,0.0,2.9978692793306148,0.0
4426,0.322,0.9616058156126887,0.004394184387311428,0.6396058156126887,0.0,3.605494804162669,0.0
4427,0.322,1.3936316168299834,0.006368383170016756,1.0716316168299833,0.0,4.623544840151153,0.0
4428,0.322,1.5643552757854249,0.12264472421457495,1.2423552757854248,0.0,5.803782352147307,0.0
4429,0.322,0.322,1.6799999999999997,0.0,0.0,5.803782352147307,0.0
4430,0.322,2.1461926899181742,0.009807310081825893,1.8241926899181746,0.0,7.536765407569573,0.0
4431,0.995,2.2298105869279734,0.01018941307202681,1.2348105869279733,0.0,8.709835465151146,0.0
4432,0.422,0.422,1.5519999999999998,0.0,0.0,8.709835465151146,0.0
4433,0.422,1.519058462344682,0.006941537655318131,1.097058462344682,0.0,9.752041004378595,0.0
4434,2.422,0.9755421317809885,0.004457868219011618,0.0,1.4464578682190117,8.377906029570536,0.0
4435,0.422,0.422,0.2710000000000001,0.0,0.0,8.377906029570536,0.0
4436,0.495,0.418089485048995,0.0019105149510049713,0.0,0.07691051495100501,8.30484104036708,0.0
4437,0.422,0.19510842635619766,0.0008915736438023514,0.0,0.22689157364380233,8.089294045405468,0.0
4438,0.422,0.034840790420749584,0.0001592095792504189,0.0,0.3871592095792504,7.72149279630518,0.0
4439,0.422,0.0,0.0,0.0,0.422,7.32059279630518,0.0
4440,0.322,0.0,0.0,0.0,0.322,7.014692796305179,0.0
4441,0.322,0.0,0.0,0.0,0.322,6.708792796305179,0.0
4442,0.322,0.0,0.0,0.0,0.322,6.402892796305179,0.0
4443,0.322,0.0,0.0,0.0,0.322,6.096992796305178,0.0
4444,0.322,0.013936316168299835,6.368383170016548e-5,0.0,0.3080636838317002,5.804332296665064,0.0
4445,0.322,0.14633131976714828,0.0006686802328517427,0.0,0.17566868023285173,5.637447050443855,0.0
4446,0.322,0.3065989557025963,0.0014010442974036752,0.0,0.01540104429740368,5.6228160583613205,0.0
4447,0.322,0.4808029078063443,0.002197092193655714,0.15880290780634426,0.0,5.773678820777348,0.0
4448,0.395,0.5783571209844431,0.0026428790155569315,0.18335712098444312,0.0,5.947868085712569,0.0
4449,0.322,0.5156436982270938,0.002356301772906244,0.19364369822709385,0.0,6.131829599028309,0.0
4450,0.322,0.8013381796772404,0.0036618203227596346,0.47933817967724046,0.0,6.587200869721688,0.0
4451,0.322,0.675911334162542,0.003088665837458038,0.35391133416254195,0.0,6.923416637176102,0.0
4452,0.322,0.6898476503308419,0.0031523496691581165,0.3678476503308418,0.0,7.272871904990402,0.0
4453,0.322,0.8988923928553392,0.004107607144660852,0.5768923928553391,0.0,7.820919678202975,0.0
4454,0.322,0.668943176078392,0.0030568239216079984,0.34694317607839203,0.0,8.150515695477447,0.0
4455,0.995,0.4808029078063443,0.002197092193655714,0.0,0.5141970921936557,7.662028457893474,0.0
4456,0.422,0.6828794922466919,0.003120507753308188,0.2608794922466919,0.0,7.90986397552783,0.0
4457,0.422,0.422,0.05400000000000005,0.0,0.0,7.90986397552783,0.0
4458,2.422,0.29266263953429655,0.0013373604657034854,0.0,2.1293373604657035,5.886993483085412,0.0
4459,0.422,0.2578218491135469,0.001178150886453122,0.0,0.16417815088645307,5.731024239743282,0.0
4460,0.495,0.15329947785129816,0.0007005221487018376,0.0,0.34170052214870184,5.406408743702015,0.0
4461,0.422,0.06968158084149917,0.0003184191585008378,0.0,0.3523184191585008,5.0717062455014394,0.0
4462,0.422,0.006968158084149917,3.184191585008274e-5,0.0,0.4150318419158501,4.677425995681381,0.0
4463,0.422,0.0,0.0,0.0,0.422,4.276525995681381,0.0
4464,0.322,0.0,0.0,0.0,0.322,3.9706259956813814,0.0
4465,0.322,0.0,0.0,0.0,0.322,3.6647259956813816,0.0
4466,0.322,0.0,0.0,0.0,0.322,3.3588259956813817,0.0
4467,0.322,0.0,0.0,0.0,0.322,3.052925995681382,0.0
4468,0.322,0.02090447425244975,9.552574755024995e-5,0.0,0.3010955257475502,2.766885246221209,0.0
4469,0.322,0.14633131976714828,0.0006686802328517427,0.0,0.17566868023285173,2.6,0.0
4470,0.322,0.4041531688806952,0.001846831119304837,0.0821531688806952,0.0,2.6780455104366605,0.0
4471,0.322,0.322,0.441,0.0,0.0,2.6780455104366605,0.0
4472,0.395,1.4981539880922319,0.006846011907768013,1.1031539880922319,0.0,3.7260417991242805,0.0
4473,0.322,2.285555851601173,0.010444148398827124,1.9635558516011729,0.0,5.591419858145395,0.0
4474,0.322,0.322,2.2329999999999997,0.0,0.0,5.591419858145395,0.0
4475,0.322,0.322,2.282,0.0,0.0,5.591419858145395,0.0
4476,0.322,0.322,1.7289999999999996,0.0,0.0,5.591419858145395,0.0
4477,0.322,0.322,2.149,0.0,0.0,5.591419858145395,0.0
4478,0.322,2.4667279617890703,0.01127203821092948,2.14472796178907,0.0,7.628911421845011,0.0
4479,0.995,0.995,1.0069999999999997,0.0,0.0,7.628911421845011,0.0
4480,0.422,1.5678355689337313,0.007164431066268628,1.1458355689337314,0.0,8.717455212332059,0.0
4481,0.422,0.422,0.7540000000000002,0.0,0.0,8.717455212332059,0.0
4482,2.422,0.8083063377613904,0.003693662238609674,0.0,1.6136936622386098,7.184446233205377,0.0
4483,0.422,0.3762805365440955,0.001719463455904513,0.0,0.04571946345590448,7.141012742922267,0.0
4484,0.495,0.19510842635619766,0.0008915736438023514,0.0,0.2998915736438023,6.856115747960656,0.0
4485,0.422,0.06968158084149917,0.0003184191585008378,0.0,0.3523184191585008,6.52141324976008,0.0
4486,0.422,0.0,0.0,0.0,0.422,6.12051324976008,0.0
4487,0.422,0.0,0.0,0.0,0.422,5.71961324976008,0.0
4488,0.322,0.0,0.0,0.0,0.322,5.41371324976008,0.0
4489,0.322,0.0,0.0,0.0,0.322,5.107813249760079,0.0
4490,0.322,0.0,0.0,0.0,0.322,4.801913249760079,0.0
4491,0.322,0.0,0.0,0.0,0.322,4.496013249760079,0.0
4492,0.322,0.02787263233659967,0.00012736766340033095,0.0,0.2941273676634003,4.216592250479849,0.0
4493,0.322,0.17420395210374792,0.0007960478962520945,0.0,0.1477960478962521,4.076186004978409,0.0
4494,0.322,0.322,0.09799999999999998,0.0,0.0,4.076186004978409,0.0
4495,0.322,0.322,0.40599999999999997,0.0,0.0,4.076186004978409,0.0
4496,0.395,0.395,0.9279999999999999,0.0,0.0,4.076186004978409,0.0
4497,0.322,0.322,1.7639999999999998,0.0,0.0,4.076186004978409,0.0
4498,0.322,0.322,2.695,0.0,0.0,4.076186004978409,0.0
4499,0.322,0.322,2.919,0.0,0.0,4.076186004978409,0.0
4500,0.322,2.922,0.1509999999999998,2.6,0.0,6.546186004978408,0.0
4501,0.322,0.322,3.122,0.0,0.0,6.546186004978408,0.0
4502,0.322,2.922,0.22799999999999976,2.6,0.0,9.016186004978408,0.0
4503,0.995,0.995,1.791,0.0,0.0,9.016186004978408,0.0
4504,0.422,0.422,1.9790000000000003,0.0,0.0,9.016186004978408,0.0
4505,0.422,1.8814026827204777,0.008597317279522398,1.4594026827204778,0.0,10.402618553562863,0.0
4506,2.422,1.2263958228103853,0.005604177189614701,0.0,1.1956041771896149,9.266794585232729,0.0
4507,0.422,0.422,0.201,0.0,0.0,9.266794585232729,0.0
4508,0.495,0.3832486946282454,0.0017513053717546079,0.0,0.11175130537175457,9.160630845129562,0.0
4509,0.422,0.19510842635619766,0.0008915736438023514,0.0,0.22689157364380233,8.945083850167952,0.0
4510,0.422,0.034840790420749584,0.0001592095792504189,0.0,0.3871592095792504,8.577282601067665,0.0
4511,0.422,0.0,0.0,0.0,0.422,8.176382601067665,0.0
4512,0.322,0.0,0.0,0.0,0.322,7.870482601067662,0.0
4513,0.322,0.0,0.0,0.0,0.322,7.564582601067662,0.0
4514,0.322,0.0,0.0,0.0,0.322,7.258682601067662,0.0
4515,0.322,0.0,0.0,0.0,0.322,6.952782601067661,0.0
4516,0.322,0.034840790420749584,0.0001592095792504189,0.0,0.2871592095792504,6.679981351967374,0.0
4517,0.322,0.1602676359354481,0.0007323640645519047,0.0,0.1617323640645519,6.52633560610605,0.0
4518,0.322,0.35537606229164576,0.0016239377083542283,0.03337606229164572,0.0,6.558042865283114,0.0
4519,0.322,0.322,0.36400000000000005,0.0,0.0,6.558042865283114,0.0
4520,0.395,0.395,0.557,0.0,0.0,6.558042865283114,0.0
4521,0.322,0.322,0.9169999999999998,0.0,0.0,6.558042865283114,0.0
4522,0.322,0.322,1.029,0.0,0.0,6.558042865283114,0.0
4523,0.322,0.322,1.015,0.0,0.0,6.558042865283114,0.0
4524,0.322,1.4005997749141332,0.006400225085866795,1.0785997749141332,0.0,7.582712651451541,0.0
4525,0.322,0.322,1.1409999999999998,0.0,0.0,7.582712651451541,0.0
4526,0.322,0.322,1.1409999999999998,0.0,0.0,7.582712651451541,0.0
4527,0.995,1.3030455617360346,0.005954438263965356,0.30804556173603437,0.0,7.875355935100774,0.0
4528,0.422,0.422,0.7190000000000001,0.0,0.0,7.875355935100774,0.0
4529,0.422,0.422,0.5370000000000001,0.0,0.0,7.875355935100774,0.0
4530,2.422,0.745592915004041,0.0034070849959589866,0.0,1.6764070849959591,6.282769204354611,0.0
4531,0.422,0.501707382058794,0.0022926179412060543,0.07970738205879402,0.0,6.3584912173104655,0.0
4532,0.495,0.21601290060864742,0.0009870993913525805,0.0,0.2789870993913526,6.093453472888681,0.0
4533,0.422,0.07664973892564908,0.0003502610743509188,0.0,0.3453502610743509,5.765370724868047,0.0
4534,0.422,0.006968158084149917,3.184191585008274e-5,0.0,0.4150318419158501,5.371090475047989,0.0
4535,0.422,0.0,0.0,0.0,0.422,4.970190475047989,0.0
4536,0.322,0.0,0.0,0.0,0.322,4.664290475047989,0.0
4537,0.322,0.0,0.0,0.0,0.322,4.3583904750479885,0.0
4538,0.322,0.0,0.0,0.0,0.322,4.052490475047988,0.0
4539,0.322,0.0,0.0,0.0,0.322,3.746590475047989,0.0
4540,0.322,0.02090447425244975,9.552574755024995e-5,0.0,0.3010955257475502,3.4605497255878155,0.0
4541,0.322,0.11845868743054859,0.0005413125694514187,0.0,0.2035413125694514,3.267185478646837,0.0
4542,0.322,0.2996307976184464,0.0013692023815535803,0.0,0.022369202381553602,3.2459347363843607,0.0
4543,0.322,0.47383474972219436,0.002165250277805675,0.15183474972219435,0.0,3.390177748620445,0.0
4544,0.395,0.395,0.45199999999999996,0.0,0.0,3.390177748620445,0.0
4545,0.322,0.322,0.784,0.0,0.0,3.390177748620445,0.0
4546,0.322,0.322,1.435,0.0,0.0,3.390177748620445,0.0
4547,0.322,0.322,2.9749999999999996,0.0,0.0,3.390177748620445,0.0
4548,0.322,0.322,3.7029999999999994,0.0,0.0,3.390177748620445,0.0
4549,0.322,2.922,1.334,2.6,0.0,5.860177748620446,0.0
4550,0.322,0.322,3.7799999999999994,0.0,0.0,5.860177748620446,0.0
4551,0.995,0.995,2.463,0.0,0.0,5.860177748620446,0.0
4552,0.422,0.422,2.2449999999999997,0.0,0.0,5.860177748620446,0.0
4553,0.422,0.7399707151606167,1.423029284839383,0.31797071516061676,0.0,6.162249928023032,0.0
4554,2.422,1.4284724072507327,0.006527592749267175,0.0,0.9935275927492674,5.218398714911227,0.0
4555,0.422,0.5226118563112437,0.0023881436887562835,0.10061185631124378,0.0,5.313979978406909,0.0
4556,0.495,0.34840790420749584,0.001592095792504189,0.0,0.14659209579250412,5.174717487404029,0.0
4557,0.422,0.18814026827204774,0.0008597317279522565,0.0,0.23385973172795224,4.952550742262475,0.0
4558,0.422,0.02787263233659967,0.00012736766340033095,0.0,0.3941273676634003,4.578129742982244,0.0
4559,0.422,0.0,0.0,0.0,0.422,4.177229742982244,0.0
4560,0.322,0.0,0.0,0.0,0.322,3.8713297429822453,0.0
4561,0.322,0.0,0.0,0.0,0.322,3.5654297429822455,0.0
4562,0.322,0.0,0.0,0.0,0.322,3.2595297429822456,0.0
4563,0.322,0.0,0.0,0.0,0.322,2.953629742982246,0.0
4564,0.322,0.05574526467319934,0.0002547353268006619,0.0,0.2662547353268007,2.700687744421785,0.0
4565,0.322,0.21601290060864742,0.0009870993913525805,0.0,0.10598709939135259,2.6,0.0
4566,0.322,0.322,0.07700000000000001,0.0,0.0,2.6,0.0
4567,0.322,0.322,0.308,0.0,0.0,2.6,0.0
4568,0.395,0.395,1.208,0.0,0.0,2.6,0.0
4569,0.322,0.322,2.38,0.0,0.0,2.6,0.0
4570,0.322,2.922,0.7669999999999999,2.6,0.0,5.07,0.0
4571,0.322,2.922,1.4249999999999994,2.6,0.0,7.54,0.0
4572,0.322,0.322,4.438000000000001,0.0,0.0,7.54,0.0
4573,0.322,0.322,4.542999999999999,0.0,0.0,7.54,0.0
4574,0.322,0.322,4.354,0.0,0.0,7.54,0.0
4575,0.995,0.995,3.2189999999999994,0.0,0.0,7.54,0.0
4576,0.422,0.422,3.0639999999999996,0.0,0.0,7.54,0.0
4577,0.422,0.422,2.1189999999999998,0.0,0.0,7.54,0.0
4578,2.422,1.4702813557556322,0.006718644244367633,0.0,0.9517186442443678,6.635867287967851,0.0
4579,0.422,0.43202580121729484,0.001974198782705161,0.010025801217294844,0.0,6.6453917991242815,0.0
4580,0.495,0.29266263953429655,0.0013373604657034854,0.0,0.20233736046570347,6.453171306681863,0.0
4581,0.422,0.167235794019598,0.0007642059804019996,0.0,0.254764205980402,6.211145311000481,0.0
4582,0.422,0.02090447425244975,9.552574755024995e-5,0.0,0.4010955257475502,5.830104561540308,0.0
4583,0.422,0.0,0.0,0.0,0.422,5.429204561540308,0.0
4584,0.322,0.0,0.0,0.0,0.322,5.123304561540308,0.0
4585,0.322,0.0,0.0,0.0,0.322,4.817404561540307,0.0
4586,0.322,0.0,0.0,0.0,0.322,4.511504561540307,0.0
4587,0.322,0.0,0.0,0.0,0.322,4.205604561540307,0.0
4588,0.322,0.05574526467319934,0.0002547353268006619,0.0,0.2662547353268007,3.952662562979846,0.0
4589,0.322,0.21601290060864742,0.0009870993913525805,0.0,0.10598709939135259,3.851974818558061,0.0
4590,0.322,0.322,0.055999999999999994,0.0,0.0,3.851974818558061,0.0
4591,0.322,0.322,0.24500000000000005,0.0,0.0,3.851974818558061,0.0
4592,0.395,0.395,1.306,0.0,0.0,3.851974818558061,0.0
4593,0.322,0.322,2.478,0.0,0.0,3.851974818558061,0.0
4594,0.322,2.922,0.7810000000000001,2.6,0.0,6.32197481855806,0.0
4595,0.322,0.322,4.046,0.0,0.0,6.32197481855806,0.0
4596,0.322,0.322,4.417000000000001,0.0,0.0,6.32197481855806,0.0
4597,0.322,0.322,4.529,0.0,0.0,6.32197481855806,0.0
4598,0.322,0.322,4.382000000000001,0.0,0.0,6.32197481855806,0.0
4599,0.995,0.995,3.261,0.0,0.0,6.32197481855806,0.0
4600,0.422,3.0220000000000002,0.5199999999999996,2.6,0.0,8.79197481855806,0.0
4601,0.422,0.422,2.147,0.0,0.0,8.79197481855806,0.0
4602,2.422,1.4563450395873323,0.006654960412667554,0.0,0.9656549604126676,7.874602606166027,0.0
4603,0.422,0.422,0.040000000000000036,0.0,0.0,7.874602606166027,0.0
4604,0.495,0.3205352718708962,0.0014647281291038095,0.0,0.17446472812910382,7.708861114443378,0.0
4605,0.422,0.167235794019598,0.0007642059804019996,0.0,0.254764205980402,7.4668351187619955,0.0
4606,0.422,0.02090447425244975,9.552574755024995e-5,0.0,0.4010955257475502,7.085794369301824,0.0
4607,0.422,0.0,0.0,0.0,0.422,6.684894369301824,0.0
4608,0.322,0.0,0.0,0.0,0.322,6.378994369301823,0.0
4609,0.322,0.0,0.0,0.0,0.322,6.073094369301823,0.0
4610,0.322,0.0,0.0,0.0,0.322,5.767194369301823,0.0
4611,0.322,0.0,0.0,0.0,0.322,5.4612943693018225,0.0
4612,0.322,0.0418089485048995,0.0001910514951004999,0.0,0.2801910514951005,5.195112870381476,0.0
4613,0.322,0.18814026827204774,0.0008597317279522565,0.0,0.13385973172795226,5.067946125239921,0.0
4614,0.322,0.322,0.04199999999999998,0.0,0.0,5.067946125239921,0.0
4615,0.322,0.322,0.343,0.0,0.0,5.067946125239921,0.0
4616,0.395,0.395,0.7810000000000001,0.0,0.0,5.067946125239921,0.0
4617,0.322,0.322,1.624,0.0,0.0,5.067946125239921,0.0
4618,0.322,0.322,2.338,0.0,0.0,5.067946125239921,0.0
4619,0.322,2.7489674351575935,1.4370325648424065,2.4269674351575934,0.0,7.373565188639635,0.0
4620,0.322,2.922,1.81,2.6,0.0,9.843565188639635,0.0
4621,0.322,0.322,4.431,0.0,0.0,9.843565188639635,0.0
4622,0.322,0.322,4.291,0.0,0.0,9.843565188639635,0.0
4623,0.995,0.995,3.1629999999999994,0.0,0.0,9.843565188639635,0.0
4624,0.422,0.422,2.924,0.0,0.0,9.843565188639635,0.0
4625,0.422,2.3761419066951213,0.010858093304878746,1.9541419066951213,0.0,11.7,0.0
4626,2.422,1.4424087234190324,0.006591276580967476,0.0,0.9795912765809675,10.76938828724808,0.0
4627,0.422,0.5086755401429439,0.0023244598570560937,0.08667554014294394,0.0,10.851730050383877,0.0
4628,0.495,0.34143974612334593,0.001560253876654094,0.0,0.15356025387665406,10.705847809201057,0.0
4629,0.422,0.167235794019598,0.0007642059804019996,0.0,0.254764205980402,10.463821813519674,0.0
4630,0.422,0.013936316168299835,6.368383170016548e-5,0.0,0.40806368383170016,10.076161313879558,0.0
4631,0.422,0.0,0.0,0.0,0.422,9.675261313879558,0.0
4632,0.322,0.0,0.0,0.0,0.322,9.369361313879558,0.0
4633,0.322,0.0,0.0,0.0,0.322,9.063461313879559,0.0
4634,0.322,0.0,0.0,0.0,0.322,8.75756131387956,0.0
4635,0.322,0.0,0.0,0.0,0.322,8.45166131387956,0.0
4636,0.322,0.013936316168299835,6.368383170016548e-5,0.0,0.3080636838317002,8.159000814239445,0.0
4637,0.322,0.11149052934639868,0.0005094706536013238,0.0,0.21050947065360134,7.959016817118524,0.0
4638,0.322,0.3205352718708962,0.0014647281291038095,0.0,0.0014647281291038335,7.957625325395876,0.0
4639,0.322,0.322,0.301,0.0,0.0,7.957625325395876,0.0
4640,0.395,0.395,0.669,0.0,0.0,7.957625325395876,0.0
4641,0.322,0.322,1.267,0.0,0.0,7.957625325395876,0.0
4642,0.322,0.322,2.0580000000000003,0.0,0.0,7.957625325395876,0.0
4643,0.322,0.322,2.681,0.0,0.0,7.957625325395876,0.0
4644,0.322,2.922,0.746,2.6,0.0,10.427625325395875,0.0
4645,0.322,0.322,3.7169999999999996,0.0,0.0,10.427625325395875,0.0
4646,0.322,0.322,3.5280000000000005,0.0,0.0,10.427625325395875,0.0
4647,0.995,0.995,2.512,0.0,0.0,10.427625325395875,0.0
4648,0.422,0.422,2.4619999999999997,0.0,0.0,10.427625325395875,0.0
4649,0.422,0.422,1.7340000000000002,0.0,0.0,10.427625325395875,0.0
4650,2.422,1.3727271425775336,0.006272857422466416,0.0,1.0492728574224666,9.430816110844534,0.0
4651,0.422,0.422,0.194,0.0,0.0,9.430816110844534,0.0
4652,0.495,0.3832486946282454,0.0017513053717546079,0.0,0.11175130537175457,9.324652370741367,0.0
4653,0.422,0.15329947785129816,0.0007005221487018376,0.0,0.2687005221487019,9.069386874700099,0.0
4654,0.422,0.006968158084149917,3.184191585008274e-5,0.0,0.4150318419158501,8.67510662488004,0.0
4655,0.422,0.0,0.0,0.0,0.422,8.27420662488004,0.0
4656,0.322,0.0,0.0,0.0,0.322,7.968306624880041,0.0
4657,0.322,0.0,0.0,0.0,0.322,7.662406624880041,0.0
4658,0.322,0.0,0.0,0.0,0.322,7.356506624880041,0.0
4659,0.322,0.0,0.0,0.0,0.322,7.05060662488004,0.0
4660,0.322,0.013936316168299835,6.368383170016548e-5,0.0,0.3080636838317002,6.757946125239925,0.0
4661,0.322,0.11149052934639868,0.0005094706536013238,0.0,0.21050947065360134,6.557962128119003,0.0
4662,0.322,0.3205352718708962,0.0014647281291038095,0.0,0.0014647281291038335,6.556570636396355,0.0
4663,0.322,0.322,0.24500000000000005,0.0,0.0,6.556570636396355,0.0
4664,0.395,0.8779879186028896,0.004012081397110401,0.4829879186028895,0.0,7.0154091590691,0.0
4665,0.322,0.322,0.98,0.0,0.0,7.0154091590691,0.0
4666,0.322,0.322,2.198,0.0,0.0,7.0154091590691,0.0
4667,0.322,0.322,3.122,0.0,0.0,7.0154091590691,0.0
4668,0.322,0.322,3.8499999999999996,0.0,0.0,7.0154091590691,0.0
4669,0.322,0.322,4.158,0.0,0.0,7.0154091590691,0.0
4670,0.322,0.322,4.053,0.0,0.0,7.0154091590691,0.0
4671,0.995,2.470794715690974,1.463205284309026,1.4757947156909739,0.0,8.417414138975525,0.0
4672,0.422,2.745454285155067,0.012545714844932832,2.323454285155067,0.0,10.62469570987284,0.0
4673,0.422,1.5538992527654314,0.00710074723456855,1.1318992527654315,0.0,11.7,0.0
4674,2.422,0.8501152862662898,0.0038847137337101323,0.0,1.5718847137337102,10.206709521952977,0.0
4675,0.422,0.422,0.01200000000000001,0.0,0.0,10.206709521952977,0.0
4676,0.495,0.17420395210374792,0.0007960478962520945,0.0,0.32079604789625205,9.901953276451536,0.0
4677,0.422,0.048777106589049414,0.00022289341095058784,0.0,0.37322289341095055,9.547391527711133,0.0
4678,0.422,0.0,0.0,0.0,0.422,9.146491527711133,0.0
4679,0.422,0.0,0.0,0.0,0.422,8.745591527711133,0.0
4680,0.322,0.0,0.0,0.0,0.322,8.439691527711133,0.0
4681,0.322,0.0,0.0,0.0,0.322,8.133791527711134,0.0
4682,0.322,0.0,0.0,0.0,0.322,7.827891527711134,0.0
4683,0.322,0.0,0.0,0.0,0.322,7.521991527711133,0.0
4684,0.322,0.0,0.0,0.0,0.322,7.216091527711133,0.0
4685,0.322,0.0418089485048995,0.0001910514951004999,0.0,0.2801910514951005,6.949910028790788,0.0
4686,0.322,0.1254268455146985,0.0005731544853015136,0.0,0.19657315448530152,6.763165532029751,0.0
4687,0.322,0.2787263233659967,0.0012736766340033512,0.0,0.04327367663400331,6.722055539227448,0.0
4688,0.395,0.395,0.123,0.0,0.0,6.722055539227448,0.0
4689,0.322,0.322,0.49700000000000005,0.0,0.0,6.722055539227448,0.0
4690,0.322,0.322,0.48300000000000004,0.0,0.0,6.722055539227448,0.0
4691,0.322,0.8988923928553392,0.004107607144660852,0.5768923928553391,0.0,7.270103312440019,0.0
4692,0.322,1.1985231904737856,0.005476809526214321,0.8765231904737856,0.0,8.102800343390115,0.0
4693,0.322,0.322,1.015,0.0,0.0,8.102800343390115,0.0
4694,0.322,0.322,0.637,0.0,0.0,8.102800343390115,0.0
4695,0.995,0.9058605509394891,0.004139449060510891,0.0,0.08913944906051079,8.01811786678263,0.0
4696,0.422,0.422,0.34800000000000003,0.0,0.0,8.01811786678263,0.0
4697,0.422,0.422,0.25000000000000006,0.0,0.0,8.01811786678263,0.0
4698,2.422,0.5295800143953936,0.002419985604606434,0.0,1.8924199856046064,6.220318880458254,0.0
4699,0.422,0.4041531688806952,0.001846831119304837,0.0,0.017846831119304792,6.203364390894914,0.0
4700,0.495,0.2578218491135469,0.001178150886453122,0.0,0.23717815088645308,5.978045147552785,0.0
4701,0.422,0.09058605509394892,0.0004139449060510808,0.0,0.3314139449060511,5.663201899892036,0.0
4702,0.422,0.0,0.0,0.0,0.422,5.262301899892036,0.0
4703,0.422,0.0,0.0,0.0,0.422,4.861401899892036,0.0
4704,0.322,0.0,0.0,0.0,0.322,4.555501899892036,0.0
4705,0.322,0.0,0.0,0.0,0.322,4.249601899892036,0.0
4706,0.322,0.0,0.0,0.0,0.322,3.9437018998920355,0.0
4707,0.322,0.0,0.0,0.0,0.322,3.6378018998920356,0.0
4708,0.322,0.013936316168299835,6.368383170016548e-5,0.0,0.3080636838317002,3.34514140025192,0.0
4709,0.322,0.1323950035988484,0.0006049964011516085,0.0,0.1896049964011516,3.1650166536708264,0.0
4710,0.322,0.322,0.04899999999999999,0.0,0.0,3.1650166536708264,0.0
4711,0.322,0.7316565988357412,0.003343401164258797,0.4096565988357413,0.0,3.554190422564781,0.0
4712,0.395,0.395,0.9139999999999999,0.0,0.0,3.554190422564781,0.0
4713,0.322,1.8953389988887774,0.0086610011112227,1.5733389988887774,0.0,5.0488624715091195,0.0
4714,0.322,0.322,2.1069999999999998,0.0,0.0,5.0488624715091195,0.0
4715,0.322,0.322,1.8900000000000001,0.0,0.0,5.0488624715091195,0.0
4716,0.322,2.3064603258536227,0.010539674146377465,1.9844603258536226,0.0,6.93409978107006,0.0
4717,0.322,0.322,1.855,0.0,0.0,6.93409978107006,0.0
4718,0.322,0.322,1.7639999999999998,0.0,0.0,6.93409978107006,0.0
4719,0.995,1.8186892599631281,0.008310740036871822,0.8236892599631283,0.0,7.716604578035032,0.0
4720,0.422,1.6584216240276801,0.007578375972319806,1.2364216240276802,0.0,8.891205120861327,0.0
4721,0.422,1.2682047713152849,0.005795228684715159,0.8462047713152849,0.0,9.695099653610848,0.0
4722,2.422,1.094000819211537,0.004999180788463065,0.0,1.3279991807884632,8.433500431861809,0.0
4723,0.422,0.422,0.201,0.0,0.0,8.433500431861809,0.0
4724,0.495,0.3762805365440955,0.001719463455904513,0.0,0.11871946345590449,8.320716941578699,0.0
4725,0.422,0.1602676359354481,0.0007323640645519047,0.0,0.26173236406455186,8.072071195717376,0.0
4726,0.422,0.006968158084149917,3.184191585008274e-5,0.0,0.4150318419158501,7.677790945897319,0.0
4727,0.422,0.0,0.0,0.0,0.422,7.2768909458973186,0.0
4728,0.322,0.0,0.0,0.0,0.322,6.970990945897318,0.0
4729,0.322,0.0,0.0,0.0,0.322,6.665090945897318,0.0
4730,0.322,0.0,0.0,0.0,0.322,6.359190945897318,0.0
4731,0.322,0.0,0.0,0.0,0.322,6.053290945897317,0.0
4732,0.322,0.013936316168299835,6.368383170016548e-5,0.0,0.3080636838317002,5.760630446257203,0.0
4733,0.322,0.09755421317809883,0.0004457868219011757,0.0,0.22444578682190117,5.547406948776396,0.0
4734,0.322,0.2647900071976968,0.001209992802303217,0.0,0.057209992802303156,5.493057455614208,0.0
4735,0.322,0.5992615952368928,0.0027384047631071606,0.2772615952368928,0.0,5.756455971089257,0.0
4736,0.395,0.395,0.7390000000000001,0.0,0.0,5.756455971089257,0.0
4737,0.322,1.6444853078593804,0.0075146921406195055,1.3224853078593803,0.0,7.012817013555667,0.0
4738,0.322,0.322,1.9249999999999998,0.0,0.0,7.012817013555667,0.0
4739,0.322,2.7315179689867675,0.012482031013232753,2.4095179689867674,0.0,9.301859084093095,0.0
4740,0.322,0.322,3.6679999999999997,0.0,0.0,9.301859084093095,0.0
4741,0.322,0.322,3.99,0.0,0.0,9.301859084093095,0.0
4742,0.322,0.322,3.591,0.0,0.0,9.301859084093095,0.0
4743,0.995,0.995,2.134,0.0,0.0,9.301859084093095,0.0
4744,0.422,2.1949697965072237,0.01003020349277639,1.7729697965072237,0.0,10.986180390774958,0.0
4745,0.422,0.422,1.377,0.0,0.0,10.986180390774958,0.0
4746,2.422,1.2821410874835848,0.005858912516415238,0.0,1.1398589125164154,9.903314423884362,0.0
4747,0.422,0.5992615952368928,0.0027384047631071606,0.17726159523689283,0.0,10.07171293935941,0.0
4748,0.495,0.24388553294524712,0.0011144670547529045,0.0,0.2511144670547529,9.833154195657393,0.0
4749,0.422,0.07664973892564908,0.0003502610743509188,0.0,0.3453502610743509,9.50507144763676,0.0
4750,0.422,0.0,0.0,0.0,0.422,9.10417144763676,0.0
4751,0.422,0.0,0.0,0.0,0.422,8.70327144763676,0.0
4752,0.322,0.0,0.0,0.0,0.322,8.397371447636761,0.0
4753,0.322,0.0,0.0,0.0,0.322,8.091471447636762,0.0
4754,0.322,0.0,0.0,0.0,0.322,7.785571447636761,0.0
4755,0.322,0.0,0.0,0.0,0.322,7.47967144763676,0.0
4756,0.322,0.02090447425244975,9.552574755024995e-5,0.0,0.3010955257475502,7.193630698176588,0.0
4757,0.322,0.167235794019598,0.0007642059804019996,0.0,0.154764205980402,7.046604702495206,0.0
4758,0.322,0.36234422037579567,0.0016557796242043232,0.040344220375795645,0.0,7.084931711852213,0.0
4759,0.322,0.6201660694893426,0.0028339305106573898,0.2981660694893426,0.0,7.368189477867087,0.0
4760,0.395,0.395,0.76,0.0,0.0,7.368189477867087,0.0
4761,0.322,0.322,1.6799999999999997,0.0,0.0,7.368189477867087,0.0
4762,0.322,2.922,0.04599999999999982,2.6,0.0,9.838189477867086,0.0
4763,0.322,0.322,3.402,0.0,0.0,9.838189477867086,0.0
4764,0.322,0.322,3.766,0.0,0.0,9.838189477867086,0.0
4765,0.322,0.322,3.7169999999999996,0.0,0.0,9.838189477867086,0.0
4766,0.322,0.322,2.884,0.0,0.0,9.838189477867086,0.0
4767,0.995,0.995,1.8679999999999999,0.0,0.0,9.838189477867086,0.0
4768,0.422,0.422,2.1959999999999997,0.0,0.0,9.838189477867086,0.0
4769,0.422,1.951084263561977,0.008915736438023236,1.529084263561977,0.0,11.290819528250966,0.0
4770,2.422,1.1706505581371862,0.005349441862813942,0.0,1.251349441862814,10.102037558481292,0.0
4771,0.422,0.422,0.06800000000000006,0.0,0.0,10.102037558481292,0.0
4772,0.495,0.2787263233659967,0.0012736766340033512,0.0,0.21627367663400332,9.896577565678989,0.0
4773,0.422,0.09755421317809883,0.0004457868219011757,0.0,0.3244457868219011,9.58835406819818,0.0
4774,0.422,0.0,0.0,0.0,0.422,9.18745406819818,0.0
4775,0.422,0.0,0.0,0.0,0.422,8.78655406819818,0.0
4776,0.322,0.0,0.0,0.0,0.322,8.48065406819818,0.0
4777,0.322,0.0,0.0,0.0,0.322,8.174754068198181,0.0
4778,0.322,0.0,0.0,0.0,0.322,7.868854068198183,0.0
4779,0.322,0.0,0.0,0.0,0.322,7.562954068198183,0.0
4780,0.322,0.02787263233659967,0.00012736766340033095,0.0,0.2941273676634003,7.283533068917952,0.0
4781,0.322,0.18814026827204774,0.0008597317279522565,0.0,0.13385973172795226,7.156366323776397,0.0
4782,0.322,0.322,0.034999999999999976,0.0,0.0,7.156366323776397,0.0
4783,0.322,0.322,0.25900000000000006,0.0,0.0,7.156366323776397,0.0
4784,0.395,0.7397475186887498,0.8912524813112502,0.34474751868874987,0.0,7.48387646653071,0.0
4785,0.322,0.322,2.373,0.0,0.0,7.48387646653071,0.0
4786,0.322,0.322,3.213,0.0,0.0,7.48387646653071,0.0
4787,0.322,0.322,3.745,0.0,0.0,7.48387646653071,0.0
4788,0.322,0.322,3.8149999999999995,0.0,0.0,7.48387646653071,0.0
4789,0.322,0.322,2.793,0.0,0.0,7.48387646653071,0.0
4790,0.322,0.322,1.463,0.0,0.0,7.48387646653071,0.0
4791,0.995,0.995,0.13900000000000012,0.0,0.0,7.48387646653071,0.0
4792,0.422,0.422,0.439,0.0,0.0,7.48387646653071,0.0
4793,0.422,0.422,0.292,0.0,0.0,7.48387646653071,0.0
4794,2.422,0.6131979114051926,0.0028020885948073504,0.0,1.8088020885948075,5.765514482365643,0.0
4795,0.422,0.422,0.01200000000000001,0.0,0.0,5.765514482365643,0.0
4796,0.495,0.250853691029397,0.0011463089706030272,0.0,0.244146308970603,5.533575488843569,0.0
4797,0.422,0.07664973892564908,0.0003502610743509188,0.0,0.3453502610743509,5.205492740822936,0.0
4798,0.422,0.0,0.0,0.0,0.422,4.804592740822936,0.0
4799,0.422,0.0,0.0,0.0,0.422,4.403692740822936,0.0
4800,0.322,0.0,0.0,0.0,0.322,4.0977927408229355,0.0
4801,0.322,0.0,0.0,0.0,0.322,3.7918927408229357,0.0
4802,0.322,0.0,0.0,0.0,0.322,3.485992740822936,0.0
4803,0.322,0.0,0.0,0.0,0.322,3.180092740822936,0.0
4804,0.322,0.0,0.0,0.0,0.322,2.874192740822936,0.0
4805,0.322,0.083617897009799,0.0003821029902009998,0.0,0.238382102990201,2.6477297429822455,0.0
4806,0.322,0.27175816528184676,0.0012418347181532563,0.0,0.05024183471815324,2.6,0.0
4807,0.322,0.322,0.196,0.0,0.0,2.6,0.0
4808,0.395,0.395,0.508,0.0,0.0,2.6,0.0
4809,0.322,1.3866634587458335,0.0063365412541664945,1.0646634587458335,0.0,3.611430285808542,0.0
4810,0.322,0.322,1.7429999999999999,0.0,0.0,3.611430285808542,0.0
4811,0.322,2.922,0.46599999999999975,2.6,0.0,6.081430285808542,0.0
4812,0.322,0.322,3.7169999999999996,0.0,0.0,6.081430285808542,0.0
4813,0.322,0.322,3.92,0.0,0.0,6.081430285808542,0.0
4814,0.322,2.922,1.2429999999999999,2.6,0.0,8.551430285808541,0.0
4815,0.995,0.995,2.638,0.0,0.0,8.551430285808541,0.0
4816,0.422,2.5851866492196187,0.01181335078038126,2.1631866492196186,0.0,10.60645760256718,0.0
4817,0.422,1.4772495138397823,0.0067504861602176724,1.0552495138397824,0.0,11.608944640714975,0.0
4818,2.422,0.745592915004041,0.0034070849959589866,0.0,1.6764070849959591,10.016357909968814,0.0
4819,0.422,0.3135671137867463,0.0014328862132537146,0.0,0.10843288621325368,9.913346668066225,0.0
4820,0.495,0.11845868743054859,0.0005413125694514187,0.0,0.3765413125694514,9.555632421125244,0.0
4821,0.422,0.02787263233659967,0.00012736766340033095,0.0,0.3941273676634003,9.181211421845013,0.0
4822,0.422,0.0,0.0,0.0,0.422,8.780311421845013,0.0
4823,0.422,0.0,0.0,0.0,0.422,8.379411421845013,0.0
4824,0.322,0.0,0.0,0.0,0.322,8.073511421845014,0.0
4825,0.322,0.0,0.0,0.0,0.322,7.767611421845014,0.0
4826,0.322,0.0,0.0,0.0,0.322,7.461711421845013,0.0
4827,0.322,0.0,0.0,0.0,0.322,7.155811421845013,0.0
4828,0.322,0.013936316168299835,6.368383170016548e-5,0.0,0.3080636838317002,6.863150922204898,0.0
4829,0.322,0.11845868743054859,0.0005413125694514187,0.0,0.2035413125694514,6.66978667526392,0.0
4830,0.322,0.322,0.034999999999999976,0.0,0.0,6.66978667526392,0.0
4831,0.322,0.322,0.336,0.0,0.0,6.66978667526392,0.0
4832,0.395,0.395,0.6059999999999999,0.0,0.0,6.66978667526392,0.0
4833,0.322,1.2194276647262352,0.005572335273764661,0.8974276647262353,0.0,7.522342956753843,0.0
4834,0.322,0.322,1.008,0.0,0.0,7.522342956753843,0.0
4835,0.322,1.1009689772956868,0.005031022704313326,0.7789689772956867,0.0,8.262363485184745,0.0
4836,0.322,0.9337331832760888,0.004266816723911271,0.6117331832760888,0.0,8.843510009297031,0.0
4837,0.322,0.322,0.5740000000000001,0.0,0.0,8.843510009297031,0.0
4838,0.322,1.087032661127387,0.004967338872613025,0.765032661127387,0.0,9.570291037368047,0.0
4839,0.995,0.995,0.9440000000000001,0.0,0.0,9.570291037368047,0.0
4840,0.422,0.422,1.4680000000000002,0.0,0.0,9.570291037368047,0.0
4841,0.422,1.1915550323896358,0.005444967610364282,0.7695550323896359,0.0,10.3013683181382,0.0
4842,2.422,0.5086755401429439,0.0023244598570560937,0.0,1.913324459857056,8.483710081274,0.0
4843,0.422,0.34840790420749584,0.001592095792504189,0.0,0.07359209579250413,8.41379759027112,0.0
4844,0.495,0.19510842635619766,0.0008915736438023514,0.0,0.2998915736438023,8.128900595309506,0.0
4845,0.422,0.048777106589049414,0.00022289341095058784,0.0,0.37322289341095055,7.774338846569104,0.0
4846,0.422,0.0,0.0,0.0,0.422,7.373438846569104,0.0
4847,0.422,0.0,0.0,0.0,0.422,6.972538846569104,0.0
4848,0.322,0.0,0.0,0.0,0.322,6.6666388465691035,0.0
4849,0.322,0.0,0.0,0.0,0.322,6.360738846569103,0.0
4850,0.322,0.0,0.0,0.0,0.322,6.054838846569103,0.0
4851,0.322,0.0,0.0,0.0,0.322,5.748938846569103,0.0
4852,0.322,0.0,0.0,0.0,0.322,5.443038846569102,0.0
4853,0.322,0.09058605509394892,0.0004139449060510808,0.0,0.2314139449060511,5.223195598908354,0.0
4854,0.322,0.322,0.007000000000000006,0.0,0.0,5.223195598908354,0.0
4855,0.322,0.322,0.329,0.0,0.0,5.223195598908354,0.0
4856,0.395,1.2542684551469852,0.005731544853014858,0.859268455146985,0.0,6.039500631297988,0.0
4857,0.322,0.322,1.771,0.0,0.0,6.039500631297988,0.0
4858,0.322,2.922,0.36099999999999977,2.6,0.0,8.509500631297989,0.0
4859,0.322,0.322,3.7169999999999996,0.0,0.0,8.509500631297989,0.0
4860,0.322,0.322,3.9269999999999996,0.0,0.0,8.509500631297989,0.0
4861,0.322,0.322,4.116,0.0,0.0,8.509500631297989,0.0
4862,0.322,0.322,3.92,0.0,0.0,8.509500631297989,0.0
4863,0.995,0.995,2.834,0.0,0.0,8.509500631297989,0.0
4864,0.422,0.422,2.441,0.0,0.0,8.509500631297989,0.0
4865,0.422,2.0834792671608247,0.009520732839175317,1.6614792671608252,0.0,10.087905935100773,0.0
4866,2.422,1.1079371353798366,0.005062864620163365,0.0,1.3140628646201635,8.839546213711618,0.0
4867,0.422,0.4808029078063443,0.002197092193655714,0.0588029078063443,0.0,8.895408976127642,0.0
4868,0.495,0.2090447425244975,0.0009552574755024856,0.0,0.2859552574755025,8.623751481525916,0.0
4869,0.422,0.07664973892564908,0.0003502610743509188,0.0,0.3453502610743509,8.295668733505282,0.0
4870,0.422,0.0,0.0,0.0,0.422,7.894768733505284,0.0
4871,0.422,0.0,0.0,0.0,0.422,7.493868733505284,0.0
4872,0.322,0.0,0.0,0.0,0.322,7.187968733505284,0.0
4873,0.322,0.0,0.0,0.0,0.322,6.8820687335052835,0.0
4874,0.322,0.0,0.0,0.0,0.322,6.576168733505283,0.0
4875,0.322,0.0,0.0,0.0,0.322,6.270268733505283,0.0
4876,0.322,0.006968158084149917,3.184191585008274e-5,0.0,0.3150318419158501,5.970988483685225,0.0
4877,0.322,0.1602676359354481,0.0007323640645519047,0.0,0.1617323640645519,5.817342737823901,0.0
4878,0.322,0.322,0.063,0.0,0.0,5.817342737823901,0.0
4879,0.322,0.6201660694893426,0.0028339305106573898,0.2981660694893426,0.0,6.100600503838776,0.0
4880,0.395,1.1079371353798366,0.005062864620163365,0.7129371353798367,0.0,6.777890782449621,0.0
4881,0.322,0.322,1.1199999999999999,0.0,0.0,6.777890782449621,0.0
4882,0.322,1.1614404580007989,0.4555595419992011,0.8394404580007987,0.0,7.575359217550379,0.0
4883,0.322,0.322,1.512,0.0,0.0,7.575359217550379,0.0
4884,0.322,0.322,2.191,0.0,0.0,7.575359217550379,0.0
4885,0.322,0.322,2.562,0.0,0.0,7.575359217550379,0.0
4886,0.322,0.322,3.5700000000000003,0.0,0.0,7.575359217550379,0.0
4887,0.995,0.995,2.834,0.0,0.0,7.575359217550379,0.0
4888,0.422,0.422,2.63,0.0,0.0,7.575359217550379,0.0
4889,0.422,0.422,1.692,0.0,0.0,7.575359217550379,0.0
4890,2.422,1.2682047713152849,0.005795228684715159,0.0,1.1537952286847153,6.4792537502998995,0.0
4891,0.422,0.49473922397464404,0.002260776025355904,0.07273922397464404,0.0,6.548356013075811,0.0
4892,0.495,0.083617897009799,0.0003821029902009998,0.0,0.411382102990201,6.157543015235121,0.0
4893,0.422,0.013936316168299835,6.368383170016548e-5,0.0,0.40806368383170016,5.769882515595006,0.0
4894,0.422,0.0,0.0,0.0,0.422,5.368982515595006,0.0
4895,0.422,0.0,0.0,0.0,0.422,4.968082515595006,0.0
4896,0.322,0.0,0.0,0.0,0.322,4.662182515595005,0.0
4897,0.322,0.0,0.0,0.0,0.322,4.356282515595005,0.0
4898,0.322,0.0,0.0,0.0,0.322,4.050382515595005,0.0
4899,0.322,0.0,0.0,0.0,0.322,3.7444825155950046,0.0
4900,0.322,0.0,0.0,0.0,0.322,3.4385825155950047,0.0
4901,0.322,0.13936316168299834,0.0006368383170016756,0.0,0.18263683831700167,3.265077519193853,0.0
4902,0.322,0.29266263953429655,0.0013373604657034854,0.0,0.02933736046570347,3.2372070267514346,0.0
4903,0.322,0.322,0.17499999999999993,0.0,0.0,3.2372070267514346,0.0
4904,0.395,0.395,1.145,0.0,0.0,3.2372070267514346,0.0
4905,0.322,2.5364095426305697,0.011590457369430318,2.2144095426305697,0.0,5.340896092250476,0.0
4906,0.322,0.322,3.136,0.0,0.0,5.340896092250476,0.0
4907,0.322,0.322,3.9059999999999997,0.0,0.0,5.340896092250476,0.0
4908,0.322,0.322,4.298,0.0,0.0,5.340896092250476,0.0
4909,0.322,0.322,4.389,0.0,0.0,5.340896092250476,0.0
4910,0.322,0.322,4.214,0.0,0.0,5.340896092250476,0.0
4911,0.995,3.595,0.4929999999999999,2.6,0.0,7.810896092250476,0.0
4912,0.422,0.422,2.9589999999999996,0.0,0.0,7.810896092250476,0.0
4913,0.422,0.422,2.014,0.0,0.0,7.810896092250476,0.0
4914,2.422,1.3587908264092339,0.006209173590766115,0.0,1.0632091735907663,6.800847377339248,0.0
4915,0.422,0.3971850107965453,0.0018149892034547421,0.0,0.024814989203454717,6.777273137595967,0.0
4916,0.495,0.2578218491135469,0.001178150886453122,0.0,0.23717815088645308,6.551953894253836,0.0
4917,0.422,0.083617897009799,0.0003821029902009998,0.0,0.338382102990201,6.230490896413144,0.0
4918,0.422,0.0,0.0,0.0,0.422,5.829590896413144,0.0
4919,0.422,0.0,0.0,0.0,0.422,5.428690896413144,0.0
4920,0.322,0.0,0.0,0.0,0.322,5.122790896413144,0.0
4921,0.322,0.0,0.0,0.0,0.322,4.816890896413144,0.0
4922,0.322,0.0,0.0,0.0,0.322,4.510990896413143,0.0
4923,0.322,0.0,0.0,0.0,0.322,4.205090896413143,0.0
4924,0.322,0.0,0.0,0.0,0.322,3.899190896413144,0.0
4925,0.322,0.14633131976714828,0.0006686802328517427,0.0,0.17566868023285173,3.7323056501919347,0.0
4926,0.322,0.322,0.028000000000000025,0.0,0.0,3.7323056501919347,0.0
4927,0.322,0.322,0.27999999999999997,0.0,0.0,3.7323056501919347,0.0
4928,0.395,0.395,0.5640000000000001,0.0,0.0,3.7323056501919347,0.0
4929,0.322,0.322,1.407,0.0,0.0,3.7323056501919347,0.0
4930,0.322,2.5294413845464194,0.0115586154535805,2.2074413845464194,0.0,5.829374965511033,0.0
4931,0.322,2.922,0.242,2.6,0.0,8.299374965511035,0.0
4932,0.322,0.322,3.9690000000000003,0.0,0.0,8.299374965511035,0.0
4933,0.322,2.922,1.376,2.6,0.0,10.769374965511036,0.0
4934,0.322,0.322,3.6819999999999995,0.0,0.0,10.769374965511036,0.0
4935,0.995,0.995,2.4139999999999997,0.0,0.0,10.769374965511036,0.0
4936,0.422,0.422,2.294,0.0,0.0,10.769374965511036,0.0
4937,0.422,0.422,1.097,0.0,0.0,10.769374965511036,0.0
4938,2.422,0.6410705437417924,0.002929456258207619,0.0,1.7809294562582076,9.077491982065737,0.0
4939,0.422,0.4041531688806952,0.001846831119304837,0.0,0.017846831119304792,9.0605374925024,0.0
4940,0.495,0.23691737486109718,0.0010826251389028374,0.0,0.2580826251389028,8.815358998620441,0.0
4941,0.422,0.06968158084149917,0.0003184191585008378,0.0,0.3523184191585008,8.480656500419865,0.0
4942,0.422,0.0,0.0,0.0,0.422,8.079756500419865,0.0
4943,0.422,0.0,0.0,0.0,0.422,7.678856500419864,0.0
4944,0.322,0.0,0.0,0.0,0.322,7.372956500419864,0.0
4945,0.322,0.0,0.0,0.0,0.322,7.067056500419864,0.0
4946,0.322,0.0,0.0,0.0,0.322,6.7611565004198635,0.0
4947,0.322,0.0,0.0,0.0,0.322,6.455256500419863,0.0
4948,0.322,0.0,0.0,0.0,0.322,6.149356500419863,0.0
4949,0.322,0.1323950035988484,0.0006049964011516085,0.0,0.1896049964011516,5.969231753838768,0.0
4950,0.322,0.29266263953429655,0.0013373604657034854,0.0,0.02933736046570347,5.94136126139635,0.0
4951,0.322,0.501707382058794,0.0022926179412060543,0.179707382058794,0.0,6.112083274352204,0.0
4952,0.395,0.395,1.138,0.0,0.0,6.112083274352204,0.0
4953,0.322,0.322,2.296,0.0,0.0,6.112083274352204,0.0
4954,0.322,0.322,3.199,0.0,0.0,6.112083274352204,0.0
4955,0.322,0.322,3.878,0.0,0.0,6.112083274352204,0.0
4956,0.322,0.322,4.2,0.0,0.0,6.112083274352204,0.0
4957,0.322,0.322,4.242,0.0,0.0,6.112083274352204,0.0
4958,0.322,0.322,4.004,0.0,0.0,6.112083274352204,0.0
4959,0.995,0.995,2.7920000000000003,0.0,0.0,6.112083274352204,0.0
4960,0.422,3.0220000000000002,0.03699999999999992,2.6,0.0,8.582083274352206,0.0
4961,0.422,0.422,1.7830000000000001,0.0,0.0,8.582083274352206,0.0
4962,2.422,1.2542684551469852,0.005731544853014858,0.0,1.167731544853015,7.472738306741841,0.0
4963,0.422,0.41112132696484505,0.001878673035154932,0.0,0.010878673035154924,7.462403567358445,0.0
4964,0.495,0.250853691029397,0.0011463089706030272,0.0,0.244146308970603,7.230464573836371,0.0
4965,0.422,0.07664973892564908,0.0003502610743509188,0.0,0.3453502610743509,6.902381825815738,0.0
4966,0.422,0.0,0.0,0.0,0.422,6.501481825815738,0.0
4967,0.422,0.0,0.0,0.0,0.422,6.100581825815738,0.0
4968,0.322,0.0,0.0,0.0,0.322,5.794681825815737,0.0
4969,0.322,0.0,0.0,0.0,0.322,5.488781825815737,0.0
4970,0.322,0.0,0.0,0.0,0.322,5.182881825815737,0.0
4971,0.322,0.0,0.0,0.0,0.322,4.8769818258157365,0.0
4972,0.322,0.0,0.0,0.0,0.322,4.571081825815736,0.0
4973,0.322,0.1323950035988484,0.0006049964011516085,0.0,0.1896049964011516,4.390957079234643,0.0
4974,0.322,0.28569448145014664,0.0013055185498533906,0.0,0.036305518549853394,4.356466836612282,0.0
4975,0.322,0.48777106589049424,0.002228934109505809,0.1657710658904942,0.0,4.513949349208252,0.0
4976,0.395,0.395,1.075,0.0,0.0,4.513949349208252,0.0
4977,0.322,0.322,2.0020000000000002,0.0,0.0,4.513949349208252,0.0
4978,0.322,0.322,2.226,0.0,0.0,4.513949349208252,0.0
4979,0.322,0.322,1.932,0.0,0.0,4.513949349208252,0.0
4980,0.322,0.322,1.9740000000000002,0.0,0.0,4.513949349208252,0.0
4981,0.322,0.322,2.422,0.0,0.0,4.513949349208252,0.0
4982,0.322,0.322,2.989,0.0,0.0,4.513949349208252,0.0
4983,0.995,3.5189198324957083,0.016080167504291865,2.523919832495708,0.0,6.911673190079173,0.0
4984,0.422,0.422,2.5599999999999996,0.0,0.0,6.911673190079173,0.0
4985,0.422,0.422,1.7129999999999999,0.0,0.0,6.911673190079173,0.0
4986,2.422,1.2333639808945351,0.00563601910546474,0.0,1.188636019105465,5.782468971928982,0.0
4987,0.422,0.41808948504899496,0.0019105149510050268,0.0,0.0039105149510050025,5.778753982725528,0.0
4988,0.495,0.24388553294524712,0.0011144670547529045,0.0,0.2511144670547529,5.540195239023512,0.0
4989,0.422,0.07664973892564908,0.0003502610743509188,0.0,0.3453502610743509,5.212112491002879,0.0
4990,0.422,0.0,0.0,0.0,0.422,4.811212491002879,0.0
4991,0.422,0.0,0.0,0.0,0.422,4.410312491002879,0.0
4992,0.322,0.0,0.0,0.0,0.322,4.104412491002878,0.0
4993,0.322,0.0,0.0,0.0,0.322,3.7985124910028785,0.0
4994,0.322,0.0,0.0,0.0,0.322,3.4926124910028786,0.0
4995,0.322,0.0,0.0,0.0,0.322,3.186712491002879,0.0
4996,0.322,0.0,0.0,0.0,0.322,2.880812491002879,0.0
4997,0.322,0.11149052934639868,0.0005094706536013238,0.0,0.21050947065360134,2.680828493881958,0.0
4998,0.322,0.23691737486109718,0.0010826251389028374,0.0,0.08508262513890283,2.6,0.0
4999,0.322,0.322,0.11199999999999999,0.0,0.0,2.6,0.0
5000,0.395,1.5748037270178812,0.00719627298211889,1.1798037270178812,0.0,3.7208135406669873,0.0
5001,0.322,0.322,2.38,0.0,0.0,3.7208135406669873,0.0
5002,0.322,0.322,3.283,0.0,0.0,3.7208135406669873,0.0
5003,0.322,0.322,3.9269999999999996,0.0,0.0,3.7208135406669873,0.0
5004,0.322,0.322,4.2700000000000005,0.0,0.0,3.7208135406669873,0.0
5005,0.322,0.322,4.34,0.0,0.0,3.7208135406669873,0.0
5006,0.322,2.922,1.544,2.6,0.0,6.190813540666986,0.0
5007,0.995,3.595,0.4019999999999997,2.6,0.0,8.660813540666986,0.0
5008,0.422,0.422,2.847,0.0,0.0,8.660813540666986,0.0
5009,0.422,0.422,1.9160000000000001,0.0,0.0,8.660813540666986,0.0
5010,2.422,1.3030455617360346,0.005954438263965356,0.0,1.1189544382639656,7.597806824316219,0.0
5011,0.422,0.3693123784599456,0.0016876215400544181,0.0,0.05268762154005441,7.547753583853167,0.0
5012,0.495,0.22298105869279736,0.0010189413072026476,0.0,0.27201894130720267,7.2893355896113246,0.0
5013,0.422,0.06968158084149917,0.0003184191585008378,0.0,0.3523184191585008,6.954633091410749,0.0
5014,0.422,0.0,0.0,0.0,0.422,6.553733091410749,0.0
5015,0.422,0.0,0.0,0.0,0.422,6.1528330914107485,0.0
5016,0.322,0.0,0.0,0.0,0.322,5.846933091410748,0.0
5017,0.322,0.0,0.0,0.0,0.322,5.541033091410748,0.0
5018,0.322,0.0,0.0,0.0,0.322,5.235133091410748,0.0
5019,0.322,0.0,0.0,0.0,0.322,4.929233091410747,0.0
5020,0.322,0.0,0.0,0.0,0.322,4.623333091410747,0.0
5021,0.322,0.11149052934639868,0.0005094706536013238,0.0,0.21050947065360134,4.423349094289827,0.0
5022,0.322,0.250853691029397,0.0011463089706030272,0.0,0.071146308970603,4.355760100767753,0.0
5023,0.322,0.322,0.126,0.0,0.0,4.355760100767753,0.0
5024,0.395,1.5469310946812815,0.00706890531871851,1.1519310946812815,0.0,5.450094640714971,0.0
5025,0.322,0.322,2.338,0.0,0.0,5.450094640714971,0.0
5026,0.322,0.322,3.255,0.0,0.0,5.450094640714971,0.0
5027,0.322,0.322,3.8919999999999995,0.0,0.0,5.450094640714971,0.0
5028,0.322,2.922,1.6489999999999996,2.6,0.0,7.92009464071497,0.0
5029,0.322,0.322,4.319,0.0,0.0,7.92009464071497,0.0
5030,0.322,0.322,4.116,0.0,0.0,7.92009464071497,0.0
5031,0.995,0.995,2.9599999999999995,0.0,0.0,7.92009464071497,0.0
5032,0.422,3.0220000000000002,0.121,2.6,0.0,10.39009464071497,0.0
5033,0.422,0.422,1.804,0.0,0.0,10.39009464071497,0.0
5034,2.422,1.2263958228103853,0.005604177189614701,0.0,1.1956041771896149,9.254270672384836,0.0
5035,0.422,0.422,0.0050000000000000044,0.0,0.0,9.254270672384836,0.0
5036,0.495,0.24388553294524712,0.0011144670547529045,0.0,0.2511144670547529,9.015711928682821,0.0
5037,0.422,0.06271342275734924,0.0002865772426507568,0.0,0.35928657724265073,8.674389680302303,0.0
5038,0.422,0.0,0.0,0.0,0.422,8.273489680302303,0.0
5039,0.422,0.0,0.0,0.0,0.422,7.872589680302303,0.0
5040,0.322,0.0,0.0,0.0,0.322,7.566689680302303,0.0
5041,0.322,0.0,0.0,0.0,0.322,7.260789680302302,0.0
5042,0.322,0.0,0.0,0.0,0.322,6.954889680302302,0.0
5043,0.322,0.0,0.0,0.0,0.322,6.648989680302302,0.0
5044,0.322,0.0,0.0,0.0,0.322,6.343089680302302,0.0
5045,0.322,0.09058605509394892,0.0004139449060510808,0.0,0.2314139449060511,6.123246432641553,0.0
5046,0.322,0.29266263953429655,0.0013373604657034854,0.0,0.02933736046570347,6.095375940199135,0.0
5047,0.322,0.322,0.21000000000000002,0.0,0.0,6.095375940199135,0.0
5048,0.395,0.395,1.026,0.0,0.0,6.095375940199135,0.0
5049,0.322,0.322,2.2889999999999997,0.0,0.0,6.095375940199135,0.0
5050,0.322,2.922,0.7250000000000001,2.6,0.0,8.565375940199134,0.0
5051,0.322,0.322,3.955,0.0,0.0,8.565375940199134,0.0
5052,0.322,0.322,4.529,0.0,0.0,8.565375940199134,0.0
5053,0.322,0.322,4.683,0.0,0.0,8.565375940199134,0.0
5054,0.322,2.922,1.8939999999999997,2.6,0.0,11.035375940199135,0.0
5055,0.995,1.0325959850742492,3.31440401492575,0.03759598507424925,0.0,11.071092126019671,0.0
5056,0.422,0.422,3.106,0.0,0.0,11.071092126019671,0.0
5057,0.422,0.422,2.07,0.0,0.0,11.071092126019671,0.0
5058,2.422,1.3866634587458335,0.0063365412541664945,0.0,1.0353365412541666,10.087522411828212,0.0
5059,0.422,0.3902168527123953,0.0017831472876047028,0.0,0.03178314728760463,10.05732842190499,0.0
5060,0.495,0.22994921677694724,0.0010507832230527703,0.0,0.2650507832230527,9.805530177843087,0.0
5061,0.422,0.06271342275734924,0.0002865772426507568,0.0,0.35928657724265073,9.464207929462571,0.0
5062,0.422,0.0,0.0,0.0,0.422,9.063307929462571,0.0
5063,0.422,0.0,0.0,0.0,0.422,8.66240792946257,0.0
5064,0.322,0.0,0.0,0.0,0.322,8.356507929462571,0.0
5065,0.322,0.0,0.0,0.0,0.322,8.050607929462572,0.0
5066,0.322,0.0,0.0,0.0,0.322,7.744707929462571,0.0
5067,0.322,0.0,0.0,0.0,0.322,7.438807929462571,0.0
5068,0.322,0.0,0.0,0.0,0.322,7.13290792946257,0.0
5069,0.322,0.10452237126224875,0.0004776287377512428,0.0,0.21747762873775128,6.926304182161707,0.0
5070,0.322,0.250853691029397,0.0011463089706030272,0.0,0.071146308970603,6.858715188639634,0.0
5071,0.322,0.322,0.126,0.0,0.0,6.858715188639634,0.0
5072,0.395,0.395,1.222,0.0,0.0,6.858715188639634,0.0
5073,0.322,0.322,2.492,0.0,0.0,6.858715188639634,0.0
5074,0.322,0.322,3.4930000000000003,0.0,0.0,6.858715188639634,0.0
5075,0.322,0.322,4.165,0.0,0.0,6.858715188639634,0.0
5076,0.322,0.322,4.563999999999999,0.0,0.0,6.858715188639634,0.0
5077,0.322,0.322,4.662,0.0,0.0,6.858715188639634,0.0
5078,0.322,0.322,4.4590000000000005,0.0,0.0,6.858715188639634,0.0
5079,0.995,0.995,3.303,0.0,0.0,6.858715188639634,0.0
5080,0.422,0.422,3.113,0.0,0.0,6.858715188639634,0.0
5081,0.422,0.422,2.105,0.0,0.0,6.858715188639634,0.0
5082,2.422,1.344854510240934,0.006145489759066036,0.0,1.0771454897590662,5.835426973368521,0.0
5083,0.422,0.4041531688806952,0.001846831119304837,0.0,0.017846831119304792,5.818472483805181,0.0
5084,0.495,0.22994921677694724,0.0010507832230527703,0.0,0.2650507832230527,5.566674239743281,0.0
5085,0.422,0.0418089485048995,0.0001910514951004999,0.0,0.38019105149510046,5.205492740822936,0.0
5086,0.422,0.0,0.0,0.0,0.422,4.804592740822936,0.0
5087,0.422,0.0,0.0,0.0,0.422,4.403692740822936,0.0
5088,0.322,0.0,0.0,0.0,0.322,4.0977927408229355,0.0
5089,0.322,0.0,0.0,0.0,0.322,3.7918927408229357,0.0
5090,0.322,0.0,0.0,0.0,0.322,3.485992740822936,0.0
5091,0.322,0.0,0.0,0.0,0.322,3.180092740822936,0.0
5092,0.322,0.0,0.0,0.0,0.322,2.874192740822936,0.0
5093,0.322,0.07664973892564908,0.0003502610743509188,0.0,0.24535026107435093,2.6411099928023027,0.0
5094,0.322,0.2787263233659967,0.0012736766340033512,0.0,0.04327367663400331,2.6,0.0
5095,0.322,0.322,0.182,0.0,0.0,2.6,0.0
5096,0.395,0.395,1.089,0.0,0.0,2.6,0.0
5097,0.322,0.322,2.338,0.0,0.0,2.6,0.0
5098,0.322,2.922,0.7109999999999999,2.6,0.0,5.07,0.0
5099,0.322,0.322,4.004,0.0,0.0,5.07,0.0
5100,0.322,2.922,1.8590000000000004,2.6,0.0,7.54,0.0
5101,0.322,0.322,4.627,0.0,0.0,7.54,0.0
5102,0.322,0.322,4.466,0.0,0.0,7.54,0.0
5103,0.995,0.995,3.3309999999999995,0.0,0.0,7.54,0.0
5104,0.422,0.422,3.155,0.0,0.0,7.54,0.0
5105,0.422,0.422,2.147,0.0,0.0,7.54,0.0
5106,2.422,1.4005997749141332,0.006400225085866795,0.0,1.021400225085867,6.5696697861684274,0.0
5107,0.422,0.34840790420749584,0.001592095792504189,0.0,0.07359209579250413,6.499757295165549,0.0
5108,0.495,0.2090447425244975,0.0009552574755024856,0.0,0.28595525747550254,6.228099800563822,0.0
5109,0.422,0.048777106589049414,0.00022289341095058784,0.0,0.37322289341095055,5.873538051823418,0.0
5110,0.422,0.0,0.0,0.0,0.422,5.472638051823418,0.0
5111,0.422,0.0,0.0,0.0,0.422,5.071738051823418,0.0
5112,0.322,0.0,0.0,0.0,0.322,4.765838051823418,0.0
5113,0.322,0.0,0.0,0.0,0.322,4.459938051823418,0.0
5114,0.322,0.0,0.0,0.0,0.322,4.1540380518234175,0.0
5115,0.322,0.0,0.0,0.0,0.322,3.8481380518234176,0.0
5116,0.322,0.0,0.0,0.0,0.322,3.5422380518234178,0.0
5117,0.322,0.09058605509394892,0.0004139449060510808,0.0,0.2314139449060511,3.3223948041626694,0.0
5118,0.322,0.250853691029397,0.0011463089706030272,0.0,0.071146308970603,3.2548058106405966,0.0
5119,0.322,0.322,0.14,0.0,0.0,3.2548058106405966,0.0
5120,0.395,0.395,1.236,0.0,0.0,3.2548058106405966,0.0
5121,0.322,0.322,2.478,0.0,0.0,3.2548058106405966,0.0
5122,0.322,0.322,3.4370000000000003,0.0,0.0,3.2548058106405966,0.0
5123,0.322,2.922,1.488,2.6,0.0,5.7248058106405955,0.0
5124,0.322,0.322,4.396,0.0,0.0,5.7248058106405955,0.0
5125,0.322,0.37461246874683934,4.392387531253161,0.052612468746839273,0.0,5.774787655950092,0.0
5126,0.322,0.322,4.235,0.0,0.0,5.774787655950092,0.0
5127,0.995,3.595,0.4509999999999992,2.6,0.0,8.244787655950093,0.0
5128,0.422,0.422,2.868,0.0,0.0,8.244787655950093,0.0
5129,0.422,0.422,1.9230000000000003,0.0,0.0,8.244787655950093,0.0
5130,2.422,1.2821410874835848,0.005858912516415238,0.0,1.1398589125164154,7.161921689059499,0.0
5131,0.422,0.41808948504899496,0.0019105149510050268,0.0,0.0039105149510050025,7.158206699856044,0.0
5132,0.495,0.22298105869279736,0.0010189413072026476,0.0,0.27201894130720267,6.899788705614202,0.0
5133,0.422,0.034840790420749584,0.0001592095792504189,0.0,0.3871592095792504,6.531987456513913,0.0
5134,0.422,0.0,0.0,0.0,0.422,6.131087456513913,0.0
5135,0.422,0.0,0.0,0.0,0.422,5.730187456513913,0.0
5136,0.322,0.0,0.0,0.0,0.322,5.4242874565139125,0.0
5137,0.322,0.0,0.0,0.0,0.322,5.118387456513912,0.0
5138,0.322,0.0,0.0,0.0,0.322,4.812487456513912,0.0
5139,0.322,0.0,0.0,0.0,0.322,4.506587456513912,0.0
5140,0.322,0.0,0.0,0.0,0.322,4.200687456513911,0.0
5141,0.322,0.02090447425244975,9.552574755024995e-5,0.0,0.3010955257475502,3.9146467070537385,0.0
5142,0.322,0.13936316168299834,0.0006368383170016756,0.0,0.18263683831700167,3.7411417106525877,0.0
5143,0.322,0.334471588039196,0.0015284119608039992,0.012471588039196011,0.0,3.752989719289824,0.0
5144,0.395,0.395,0.389,0.0,0.0,3.752989719289824,0.0
5145,0.322,1.4772495138397823,0.0067504861602176724,1.1552495138397822,0.0,4.850476757437617,0.0
5146,0.322,0.322,2.051,0.0,0.0,4.850476757437617,0.0
5147,0.322,0.322,2.989,0.0,0.0,4.850476757437617,0.0
5148,0.322,0.322,2.87,0.0,0.0,4.850476757437617,0.0
5149,0.322,0.322,3.2199999999999998,0.0,0.0,4.850476757437617,0.0
5150,0.322,2.922,0.5709999999999997,2.6,0.0,7.320476757437618,0.0
5151,0.995,0.995,2.449,0.0,0.0,7.320476757437618,0.0
5152,0.422,0.422,2.4619999999999997,0.0,0.0,7.320476757437618,0.0
5153,0.422,0.422,1.622,0.0,0.0,7.320476757437618,0.0
5154,2.422,1.2194276647262352,0.005572335273764661,0.0,1.202572335273765,6.17803303892754,0.0
5155,0.422,0.422,0.05400000000000005,0.0,0.0,6.17803303892754,0.0
5156,0.495,0.22994921677694724,0.0010507832230527703,0.0,0.2650507832230527,5.926234794865641,0.0
5157,0.422,0.02787263233659967,0.00012736766340033095,0.0,0.3941273676634003,5.55181379558541,0.0
5158,0.422,0.0,0.0,0.0,0.422,5.15091379558541,0.0
5159,0.422,0.0,0.0,0.0,0.422,4.75001379558541,0.0
5160,0.322,0.0,0.0,0.0,0.322,4.44411379558541,0.0
5161,0.322,0.0,0.0,0.0,0.322,4.1382137955854095,0.0
5162,0.322,0.0,0.0,0.0,0.322,3.8323137955854096,0.0
5163,0.322,0.0,0.0,0.0,0.322,3.52641379558541,0.0
5164,0.322,0.0,0.0,0.0,0.322,3.22051379558541,0.0
5165,0.322,0.06271342275734924,0.0002865772426507568,0.0,0.25928657724265075,2.974191547204892,0.0
5166,0.322,0.2578218491135469,0.001178150886453122,0.0,0.06417815088645308,2.9132223038627614,0.0
5167,0.322,0.48777106589049424,0.002228934109505809,0.1657710658904942,0.0,3.0707048164587314,0.0
5168,0.395,0.395,0.5919999999999999,0.0,0.0,3.0707048164587314,0.0
5169,0.322,0.322,1.253,0.0,0.0,3.0707048164587314,0.0
5170,0.322,2.5642821749671696,0.011717825032830476,2.2422821749671695,0.0,5.200872882677542,0.0
5171,0.322,0.322,3.332,0.0,0.0,5.200872882677542,0.0
5172,0.322,0.322,3.92,0.0,0.0,5.200872882677542,0.0
5173,0.322,0.322,4.13,0.0,0.0,5.200872882677542,0.0
5174,0.322,0.322,4.067,0.0,0.0,5.200872882677542,0.0
5175,0.995,0.995,3.093,0.0,0.0,5.200872882677542,0.0
5176,0.422,0.422,2.9379999999999997,0.0,0.0,5.200872882677542,0.0
5177,0.422,2.3831100647792716,0.010889935220728564,1.9611100647792716,0.0,7.06392744421785,0.0
5178,2.422,1.344854510240934,0.006145489759066036,0.0,1.0771454897590662,6.040639228946736,0.0
5179,0.422,0.3971850107965453,0.0018149892034547421,0.0,0.024814989203454717,6.017064989203455,0.0
5180,0.495,0.21601290060864742,0.0009870993913525805,0.0,0.2789870993913526,5.7520272447816705,0.0
5181,0.422,0.02787263233659967,0.00012736766340033095,0.0,0.3941273676634003,5.37760624550144,0.0
5182,0.422,0.0,0.0,0.0,0.422,4.97670624550144,0.0
5183,0.422,0.0,0.0,0.0,0.422,4.57580624550144,0.0
5184,0.322,0.0,0.0,0.0,0.322,4.269906245501439,0.0
5185,0.322,0.0,0.0,0.0,0.322,3.964006245501439,0.0
5186,0.322,0.0,0.0,0.0,0.322,3.6581062455014393,0.0
5187,0.322,0.0,0.0,0.0,0.322,3.3522062455014394,0.0
5188,0.322,0.0,0.0,0.0,0.322,3.0463062455014396,0.0
5189,0.322,0.02090447425244975,9.552574755024995e-5,0.0,0.3010955257475502,2.7602654960412667,0.0
5190,0.322,0.15329947785129816,0.0007005221487018376,0.0,0.16870052214870185,2.6,0.0
5191,0.322,0.322,0.055999999999999994,0.0,0.0,2.6,0.0
5192,0.395,0.395,0.382,0.0,0.0,2.6,0.0
5193,0.322,1.2542684551469852,0.005731544853014858,0.932268455146985,0.0,3.4856550323896354,0.0
5194,0.322,0.322,1.778,0.0,0.0,3.4856550323896354,0.0
5195,0.322,0.322,2.534,0.0,0.0,3.4856550323896354,0.0
5196,0.322,0.322,3.234,0.0,0.0,3.4856550323896354,0.0
5197,0.322,2.922,1.677,2.6,0.0,5.955655032389635,0.0
5198,0.322,0.322,4.074,0.0,0.0,5.955655032389635,0.0
5199,0.995,3.2624535622285076,0.9095464377714921,2.2674535622285075,0.0,8.109735916506716,0.0
5200,0.422,3.0220000000000002,0.3519999999999994,2.6,0.0,10.579735916506717,0.0
5201,0.422,0.422,1.986,0.0,0.0,10.579735916506717,0.0
5202,2.422,1.3239500359884842,0.006049964011515918,0.0,1.098049964011516,9.53658845069578,0.0
5203,0.422,0.41808948504899496,0.0019105149510050268,0.0,0.0039105149510050025,9.532873461492326,0.0
5204,0.495,0.21601290060864742,0.0009870993913525805,0.0,0.27898709939135263,9.26783571707054,0.0
5205,0.422,0.02090447425244975,9.552574755024995e-5,0.0,0.4010955257475502,8.886794967610365,0.0
5206,0.422,0.0,0.0,0.0,0.422,8.485894967610365,0.0
5207,0.422,0.0,0.0,0.0,0.422,8.084994967610365,0.0
5208,0.322,0.0,0.0,0.0,0.322,7.779094967610366,0.0
5209,0.322,0.0,0.0,0.0,0.322,7.4731949676103655,0.0
5210,0.322,0.0,0.0,0.0,0.322,7.167294967610365,0.0
5211,0.322,0.0,0.0,0.0,0.322,6.861394967610365,0.0
5212,0.322,0.0,0.0,0.0,0.322,6.555494967610365,0.0
5213,0.322,0.0418089485048995,0.0001910514951004999,0.0,0.2801910514951005,6.289313468690018,0.0
5214,0.322,0.2090447425244975,0.0009552574755024856,0.0,0.11295525747550252,6.182005974088291,0.0
5215,0.322,0.322,0.15400000000000003,0.0,0.0,6.182005974088291,0.0
5216,0.395,1.003414764117588,0.004585235882412109,0.608414764117588,0.0,6.76,0.0
5217,0.322,0.322,1.561,0.0,0.0,6.76,0.0
5218,0.322,2.922,0.0389999999999997,2.6,0.0,9.23,0.0
5219,0.322,2.922,0.956,2.6,0.0,11.7,0.0
5220,0.322,0.322,4.165,0.0,0.0,11.7,0.0
5221,0.322,0.322,4.466,0.0,0.0,11.7,0.0
5222,0.322,0.322,4.389,0.0,0.0,11.7,0.0
5223,0.995,0.995,3.324,0.0,0.0,11.7,0.0
5224,0.422,0.422,3.106,0.0,0.0,11.7,0.0
5225,0.422,0.422,2.07,0.0,0.0,11.7,0.0
5226,2.422,1.3309181940726342,0.0060818059273657354,0.0,1.091081805927366,10.663472284369002,0.0
5227,0.422,0.3762805365440955,0.001719463455904513,0.0,0.04571946345590448,10.620038794085893,0.0
5228,0.495,0.19510842635619766,0.0008915736438023514,0.0,0.2998915736438023,10.335141799124282,0.0
5229,0.422,0.013936316168299835,6.368383170016548e-5,0.0,0.40806368383170016,9.947481299484163,0.0
5230,0.422,0.0,0.0,0.0,0.422,9.546581299484163,0.0
5231,0.422,0.0,0.0,0.0,0.422,9.145681299484163,0.0
5232,0.322,0.0,0.0,0.0,0.322,8.839781299484164,0.0
5233,0.322,0.0,0.0,0.0,0.322,8.533881299484165,0.0
5234,0.322,0.0,0.0,0.0,0.322,8.227981299484165,0.0
5235,0.322,0.0,0.0,0.0,0.322,7.922081299484167,0.0
5236,0.322,0.0,0.0,0.0,0.322,7.6161812994841664,0.0
5237,0.322,0.013936316168299835,6.368383170016548e-5,0.0,0.3080636838317002,7.323520799844051,0.0
5238,0.322,0.13936316168299834,0.0006368383170016756,0.0,0.18263683831700167,7.150015803442899,0.0
5239,0.322,0.322,0.028000000000000025,0.0,0.0,7.150015803442899,0.0
5240,0.395,0.6898476503308419,0.0031523496691581165,0.2948476503308418,0.0,7.430121071257199,0.0
5241,0.322,0.322,0.7629999999999999,0.0,0.0,7.430121071257199,0.0
5242,0.322,1.3703006032806317,0.13469939671936815,1.0483006032806317,0.0,8.426006644373798,0.0
5243,0.322,1.860498208468028,0.00850179153197228,1.5384982084680279,0.0,9.887579942418425,0.0
5244,0.322,0.322,1.8409999999999997,0.0,0.0,9.887579942418425,0.0
5245,0.322,0.322,2.0580000000000003,0.0,0.0,9.887579942418425,0.0
5246,0.322,2.2298105869279734,0.01018941307202681,1.9078105869279733,0.0,11.7,0.0
5247,0.995,0.995,0.699,0.0,0.0,11.7,0.0
5248,0.422,0.422,1.006,0.0,0.0,11.7,0.0
5249,0.422,0.422,0.7260000000000002,0.0,0.0,11.7,0.0
5250,2.422,0.7246884407515913,0.0033115592484086465,0.0,1.697311559248409,10.087554018714012,0.0
5251,0.422,0.35537606229164576,0.0016239377083542283,0.0,0.06662393770835424,10.024261277891076,0.0
5252,0.495,0.1323950035988484,0.0006049964011516085,0.0,0.36260499640115157,9.679786531309983,0.0
5253,0.422,0.0,0.0,0.0,0.422,9.278886531309983,0.0
5254,0.422,0.0,0.0,0.0,0.422,8.877986531309983,0.0
5255,0.422,0.0,0.0,0.0,0.422,8.477086531309983,0.0
5256,0.322,0.0,0.0,0.0,0.322,8.171186531309983,0.0
5257,0.322,0.0,0.0,0.0,0.322,7.865286531309982,0.0
5258,0.322,0.0,0.0,0.0,0.322,7.559386531309982,0.0
5259,0.322,0.0,0.0,0.0,0.322,7.2534865313099814,0.0
5260,0.322,0.0,0.0,0.0,0.322,6.947586531309981,0.0
5261,0.322,0.02090447425244975,9.552574755024995e-5,0.0,0.3010955257475502,6.661545781849809,0.0
5262,0.322,0.14633131976714828,0.0006686802328517427,0.0,0.17566868023285173,6.494660535628601,0.0
5263,0.322,0.322,0.034999999999999976,0.0,0.0,6.494660535628601,0.0
5264,0.395,0.6619750179942421,0.003024982005757959,0.26697501799424206,0.0,6.74828680272313,0.0
5265,0.322,0.322,0.742,0.0,0.0,6.74828680272313,0.0
5266,0.322,0.322,1.085,0.0,0.0,6.74828680272313,0.0
5267,0.322,1.7141668887008796,0.007833111299120343,1.3921668887008796,0.0,8.070845346988964,0.0
5268,0.322,0.322,1.47,0.0,0.0,8.070845346988964,0.0
5269,0.322,0.322,1.491,0.0,0.0,8.070845346988964,0.0
5270,0.322,0.322,1.246,0.0,0.0,8.070845346988964,0.0
5271,0.995,1.3309181940726342,0.0060818059273657354,0.33591819407263407,0.0,8.389967631357969,0.0
5272,0.422,1.1218734515481366,0.005126548451863444,0.6998734515481366,0.0,9.0548474103287,0.0
5273,0.422,0.422,0.39000000000000007,0.0,0.0,9.0548474103287,0.0
5274,2.422,0.48777106589049424,0.002228934109505809,0.0,1.934228934109506,7.217329922924668,0.0
5275,0.422,0.23691737486109718,0.0010826251389028374,0.0,0.1850826251389028,7.041501429042711,0.0
5276,0.495,0.06968158084149917,0.0003184191585008378,0.0,0.4253184191585008,6.637448930842135,0.0
5277,0.422,0.0,0.0,0.0,0.422,6.236548930842135,0.0
5278,0.422,0.0,0.0,0.0,0.422,5.835648930842135,0.0
5279,0.422,0.0,0.0,0.0,0.422,5.434748930842135,0.0
5280,0.322,0.0,0.0,0.0,0.322,5.128848930842135,0.0
5281,0.322,0.0,0.0,0.0,0.322,4.822948930842134,0.0
5282,0.322,0.0,0.0,0.0,0.322,4.517048930842134,0.0
5283,0.322,0.0,0.0,0.0,0.322,4.211148930842134,0.0
5284,0.322,0.0,0.0,0.0,0.322,3.9052489308421343,0.0
5285,0.322,0.0,0.0,0.0,0.322,3.5993489308421345,0.0
5286,0.322,0.09058605509394892,0.0004139449060510808,0.0,0.2314139449060511,3.3795056831813857,0.0
5287,0.322,0.2578218491135469,0.001178150886453122,0.0,0.06417815088645308,3.3185364398392547,0.0
5288,0.395,0.5086755401429439,0.0023244598570560937,0.11367554014294391,0.0,3.4265282029750517,0.0
5289,0.322,0.7316565988357412,0.003343401164258797,0.4096565988357413,0.0,3.815701971869006,0.0
5290,0.322,1.1009689772956868,0.005031022704313326,0.7789689772956868,0.0,4.555722500299908,0.0
5291,0.322,0.322,1.26,0.0,0.0,4.555722500299908,0.0
5292,0.322,0.322,2.31,0.0,0.0,4.555722500299908,0.0
5293,0.322,0.322,3.024,0.0,0.0,4.555722500299908,0.0
5294,0.322,2.922,0.7669999999999999,2.6,0.0,7.025722500299907,0.0
5295,0.995,3.2401935091297114,0.014806490870288957,2.2451935091297113,0.0,9.158656333973134,0.0
5296,0.422,0.422,2.287,0.0,0.0,9.158656333973134,0.0
5297,0.422,0.422,1.5240000000000002,0.0,0.0,9.158656333973134,0.0
5298,2.422,1.1776187162213358,0.005381283778664203,0.0,1.2443812837786643,7.976494114383403,0.0
5299,0.422,0.3971850107965453,0.0018149892034547421,0.0,0.024814989203454717,7.952919874640121,0.0
5300,0.495,0.18814026827204774,0.0008597317279522565,0.0,0.3068597317279522,7.661403129498566,0.0
5301,0.422,0.006968158084149917,3.184191585008274e-5,0.0,0.4150318419158501,7.2671228796785075,0.0
5302,0.422,0.0,0.0,0.0,0.422,6.866222879678507,0.0
5303,0.422,0.0,0.0,0.0,0.422,6.465322879678507,0.0
5304,0.322,0.0,0.0,0.0,0.322,6.159422879678507,0.0
5305,0.322,0.0,0.0,0.0,0.322,5.853522879678507,0.0
5306,0.322,0.0,0.0,0.0,0.322,5.5476228796785065,0.0
5307,0.322,0.0,0.0,0.0,0.322,5.241722879678506,0.0
5308,0.322,0.0,0.0,0.0,0.322,4.935822879678506,0.0
5309,0.322,0.013936316168299835,6.368383170016548e-5,0.0,0.3080636838317002,4.643162380038391,0.0
5310,0.322,0.09755421317809883,0.0004457868219011757,0.0,0.22444578682190117,4.429938882557584,0.0
5311,0.322,0.167235794019598,0.0007642059804019996,0.0,0.154764205980402,4.282912886876203,0.0
5312,0.395,0.29266263953429655,0.0013373604657034854,0.0,0.10233736046570348,4.185692394433785,0.0
5313,0.322,0.322,0.14,0.0,0.0,4.185692394433785,0.0
5314,0.322,0.7664973892564908,0.0035026107435092158,0.4444973892564908,0.0,4.607964914227452,0.0
5315,0.322,1.5260266204288317,0.00697337957116817,1.2040266204288317,0.0,5.75179020363484,0.0
5316,0.322,0.322,2.436,0.0,0.0,5.75179020363484,0.0
5317,0.322,0.322,2.9819999999999998,0.0,0.0,5.75179020363484,0.0
5318,0.322,2.922,0.39599999999999946,2.6,0.0,8.22179020363484,0.0
5319,0.995,0.995,1.693,0.0,0.0,8.22179020363484,0.0
5320,0.422,1.9162434731412272,0.00875652685877304,1.4942434731412273,0.0,9.641321503119006,0.0
5321,0.422,0.422,0.9360000000000002,0.0,0.0,9.641321503119006,0.0
5322,2.422,0.752561073088191,0.003438926911809026,0.0,1.669438926911809,8.055354522552788,0.0
5323,0.422,0.21601290060864742,0.0009870993913525805,0.0,0.20598709939135257,7.859666778131003,0.0
5324,0.495,0.06968158084149917,0.0003184191585008378,0.0,0.4253184191585008,7.455614279930428,0.0
5325,0.422,0.0,0.0,0.0,0.422,7.054714279930428,0.0
5326,0.422,0.0,0.0,0.0,0.422,6.653814279930428,0.0
5327,0.422,0.0,0.0,0.0,0.422,6.252914279930428,0.0
5328,0.322,0.0,0.0,0.0,0.322,5.947014279930427,0.0
5329,0.322,0.0,0.0,0.0,0.322,5.641114279930427,0.0
5330,0.322,0.0,0.0,0.0,0.322,5.335214279930426,0.0
5331,0.322,0.0,0.0,0.0,0.322,5.029314279930427,0.0
5332,0.322,0.0,0.0,0.0,0.322,4.7234142799304255,0.0
5333,0.322,0.02090447425244975,9.552574755024995e-5,0.0,0.3010955257475502,4.437373530470253,0.0
5334,0.322,0.22298105869279736,0.0010189413072026476,0.0,0.09901894130720262,4.343305536228411,0.0
5335,0.322,0.322,0.119,0.0,0.0,4.343305536228411,0.0
5336,0.395,0.395,0.31899999999999995,0.0,0.0,4.343305536228411,0.0
5337,0.322,0.322,0.9449999999999998,0.0,0.0,4.343305536228411,0.0
5338,0.322,2.320396642021922,0.010603357978077987,1.9983966420219221,0.0,6.241782346149238,0.0
5339,0.322,2.922,0.6759999999999997,2.6,0.0,8.711782346149237,0.0
5340,0.322,0.322,3.941,0.0,0.0,8.711782346149237,0.0
5341,0.322,0.322,4.046,0.0,0.0,8.711782346149237,0.0
5342,0.322,1.4801206071951654,2.3068793928048352,1.1581206071951653,0.0,9.811996922984644,0.0
5343,0.995,2.982371660016164,0.013628339983835946,1.9873716600161642,0.0,11.7,0.0
5344,0.422,0.422,1.5310000000000004,0.0,0.0,11.7,0.0
5345,0.422,0.422,0.7050000000000001,0.0,0.0,11.7,0.0
5346,2.422,0.5783571209844431,0.0026428790155569315,0.0,1.843642879015557,9.948539264935222,0.0
5347,0.422,0.27175816528184676,0.0012418347181532563,0.0,0.1502418347181532,9.805809521952975,0.0
5348,0.495,0.06968158084149917,0.0003184191585008378,0.0,0.4253184191585008,9.401757023752399,0.0
5349,0.422,0.0,0.0,0.0,0.422,9.000857023752399,0.0
5350,0.422,0.0,0.0,0.0,0.0,9.000857023752399,0.422
5351,0.422,0.0,0.0,0.0,0.0,9.000857023752399,0.422
5352,0.322,0.0,0.0,0.0,0.322,8.6949570237524,0.0
5353,0.322,0.0,0.0,0.0,0.322,8.3890570237524,0.0
5354,0.322,0.0,0.0,0.0,0.322,8.083157023752399,0.0
5355,0.322,0.0,0.0,0.0,0.322,7.777257023752399,0.0
5356,0.322,0.0,0.0,0.0,0.0,7.777257023752399,0.322
5357,0.322,0.0,0.0,0.0,0.322,7.4713570237523985,0.0
5358,0.322,0.0418089485048995,0.0001910514951004999,0.0,0.21316964939640867,7.268845856825811,0.06702140209869181
5359,0.322,0.13936316168299834,0.0006368383170016756,0.0,0.18263683831700167,7.095340860424659,0.0
5360,0.395,0.2996307976184464,0.0013692023815535803,0.0,0.09536920238155361,7.004740118162183,0.0
5361,0.322,0.4668665916380444,0.0021334083619556354,0.14486659163804444,0.0,7.142363380218326,0.0
5362,0.322,0.6341023856576424,0.0028976143423575795,0.3121023856576424,0.0,7.438860646593085,0.0
5363,0.322,0.8710197605187396,0.003980239481260361,0.5490197605187396,0.0,7.960429419085887,0.0
5364,0.322,1.0591600287907872,0.004839971209212868,0.7371600287907873,0.0,8.660731446437135,0.0
5365,0.322,1.1636824000530361,0.005317599946963902,0.841682400053036,0.0,9.460329726487519,0.0
5366,0.322,1.1149052934639867,0.005094706536013405,0.7929052934639866,0.0,10.213589755278308,0.0
5367,0.995,0.8988923928553392,0.004107607144660852,0.0,0.09610760714466073,10.12228752849088,0.0
5368,0.422,0.5992615952368928,0.0027384047631071606,0.17726159523689283,0.0,10.290686043965929,0.0
5369,0.422,0.334471588039196,0.0015284119608039992,0.0,0.0,10.290686043965929,0.08752841196080396
5370,2.422,0.18117211018789783,0.0008278898121021616,0.0,2.240827889812102,8.161899548644431,0.0
5371,0.422,0.06968158084149917,0.0003184191585008378,0.0,0.3523184191585008,7.827197050443855,0.0
5372,0.495,0.013936316168299835,6.368383170016548e-5,0.0,0.4810636838317002,7.37018655080374,0.0
5373,0.422,0.0,0.0,0.0,0.422,6.96928655080374,0.0
5374,0.422,0.0,0.0,0.0,0.422,6.568386550803741,0.0
5375,0.422,0.0,0.0,0.0,0.0,6.568386550803741,0.422
5376,0.322,0.0,0.0,0.0,0.0,6.568386550803741,0.322
5377,0.322,0.0,0.0,0.0,0.0,6.568386550803741,0.322
5378,0.322,0.0,0.0,0.0,0.322,6.26248655080374,0.0
5379,0.322,0.0,0.0,0.0,0.322,5.95658655080374,0.0
5380,0.322,0.0,0.0,0.0,0.322,5.650686550803741,0.0
5381,0.322,0.0,0.0,0.0,0.322,5.344786550803741,0.0
5382,0.322,0.02787263233659967,0.00012736766340033095,0.0,0.0,5.344786550803741,0.2941273676634003
5383,0.322,0.10452237126224875,0.0004776287377512428,0.0,0.21747762873775128,5.138182803502877,0.0
5384,0.395,0.2090447425244975,0.0009552574755024856,0.0,0.1859552574755025,4.96152530890115,0.0
5385,0.322,0.334471588039196,0.0015284119608039992,0.012471588039196011,0.0,4.973373317538385,0.0
5386,0.322,0.49473922397464404,0.002260776025355904,0.17273922397464403,0.0,5.137475580314297,0.0
5387,0.322,0.7177202826674414,0.003279717332558607,0.39572028266744136,0.0,5.513409848848368,0.0
5388,0.322,0.8779879186028896,0.004012081397110401,0.5559879186028895,0.0,6.041598371521112,0.0
5389,0.322,1.0382555545383374,0.0047444454616625276,0.7162555545383374,0.0,6.722041148332533,0.0
5390,0.322,1.087032661127387,0.004967338872613025,0.7650326611273871,0.0,7.44882217640355,0.0
5391,0.995,0.8640516024345897,0.003948397565410322,0.0,0.13094839756541032,7.32442119871641,0.0
5392,0.422,0.6968158084149917,0.003184191585008378,0.27481580841499176,0.0,7.585496216710652,0.0
5393,0.422,0.5435163305636935,0.0024836694363065126,0.12151633056369356,0.0,7.700936730746161,0.0
5394,2.422,0.3693123784599456,0.0016876215400544181,0.0,2.0526876215400547,5.750883490283109,0.0
5395,0.422,0.15329947785129816,0.0007005221487018376,0.0,0.2687005221487018,5.495617994241844,0.0
5396,0.495,0.07664973892564908,0.0003502610743509188,0.0,0.4183502610743509,5.09818524622121,0.0
5397,0.422,0.0,0.0,0.0,0.422,4.69728524622121,0.0
5398,0.422,0.0,0.0,0.0,0.0,4.69728524622121,0.422
5399,0.422,0.0,0.0,0.0,0.422,4.2963852462212095,0.0
5400,0.322,0.0,0.0,0.0,0.322,3.9904852462212093,0.0
5401,0.322,0.0,0.0,0.0,0.322,3.684585246221209,0.0
5402,0.322,0.0,0.0,0.0,0.322,3.378685246221209,0.0
5403,0.322,0.0,0.0,0.0,0.0,3.378685246221209,0.322
5404,0.322,0.0,0.0,0.0,0.322,3.0727852462212093,0.0
5405,0.322,0.0,0.0,0.0,0.322,2.766885246221209,0.0
5406,0.322,0.14633131976714828,0.0006686802328517427,0.0,0.17566868023285173,2.6,0.0
5407,0.322,0.43202580121729484,0.001974198782705161,0.11002580121729483,0.0,2.70452451115643,0.0
5408,0.395,0.395,0.8439999999999999,0.0,0.0,2.70452451115643,0.0
5409,0.322,0.322,1.9249999999999998,0.0,0.0,2.70452451115643,0.0
5410,0.322,1.1003289584175158,2.0426710415824845,0.7783289584175159,0.0,3.44393702165307,0.0
5411,0.322,2.922,0.7389999999999999,2.6,0.0,5.913937021653069,0.0
5412,0.322,0.322,3.5,0.0,0.0,5.913937021653069,0.0
5413,0.322,0.322,3.507,0.0,0.0,5.913937021653069,0.0
5414,0.322,2.922,0.7319999999999998,2.6,0.0,8.38393702165307,0.0
5415,0.995,0.995,2.127,0.0,0.0,8.38393702165307,0.0
5416,0.422,0.422,2.0769999999999995,0.0,0.0,8.38393702165307,0.0
5417,0.422,0.422,1.2510000000000001,0.0,0.0,8.38393702165307,0.0
5418,2.422,0.9267650251919389,0.0042349748080611205,0.0,1.4952349748080611,6.963463795585412,0.0
5419,0.422,0.35537606229164576,0.0016239377083542283,0.0,0.06662393770835424,6.900171054762476,0.0
5420,0.495,0.11149052934639868,0.0005094706536013238,0.0,0.3835094706536013,6.535837057641554,0.0
5421,0.422,0.0,0.0,0.0,0.422,6.134937057641554,0.0
5422,0.422,0.0,0.0,0.0,0.422,5.734037057641554,0.0
5423,0.422,0.0,0.0,0.0,0.422,5.3331370576415535,0.0
5424,0.322,0.0,0.0,0.0,0.322,5.027237057641553,0.0
5425,0.322,0.0,0.0,0.0,0.322,4.721337057641553,0.0
5426,0.322,0.0,0.0,0.0,0.322,4.415437057641553,0.0
5427,0.322,0.0,0.0,0.0,0.322,4.109537057641552,0.0
5428,0.322,0.0,0.0,0.0,0.322,3.803637057641552,0.0
5429,0.322,0.006968158084149917,3.184191585008274e-5,0.0,0.3150318419158501,3.504356807821495,0.0
5430,0.322,0.17420395210374792,0.0007960478962520945,0.0,0.1477960478962521,3.363950562320055,0.0
5431,0.322,0.43202580121729484,0.001974198782705161,0.11002580121729483,0.0,3.4684750734764855,0.0
5432,0.395,1.414536091082433,0.006463908917567096,1.019536091082433,0.0,4.437034360004797,0.0
5433,0.322,0.322,2.114,0.0,0.0,4.437034360004797,0.0
5434,0.322,2.922,0.23499999999999988,2.6,0.0,6.907034360004797,0.0
5435,0.322,2.922,1.1309999999999998,2.6,0.0,9.377034360004798,0.0
5436,0.322,0.322,4.277,0.0,0.0,9.377034360004798,0.0
5437,0.322,0.322,4.487,0.0,0.0,9.377034360004798,0.0
5438,0.322,0.322,4.298,0.0,0.0,9.377034360004798,0.0
5439,0.995,0.995,3.1419999999999995,0.0,0.0,9.377034360004798,0.0
5440,0.422,0.422,2.889,0.0,0.0,9.377034360004798,0.0
5441,0.422,0.422,1.72,0.0,0.0,9.377034360004798,0.0
5442,2.422,1.0173510802858878,0.004648919714112187,0.0,1.4046489197141123,8.04261788627639,0.0
5443,0.422,0.3205352718708962,0.0014647281291038095,0.0,0.10146472812910382,7.946226394553742,0.0
5444,0.495,0.11149052934639868,0.0005094706536013238,0.0,0.3835094706536013,7.581892397432821,0.0
5445,0.422,0.0,0.0,0.0,0.422,7.180992397432821,0.0
5446,0.422,0.0,0.0,0.0,0.422,6.780092397432821,0.0
5447,0.422,0.0,0.0,0.0,0.422,6.379192397432821,0.0
5448,0.322,0.0,0.0,0.0,0.322,6.07329239743282,0.0
5449,0.322,0.0,0.0,0.0,0.322,5.76739239743282,0.0
5450,0.322,0.0,0.0,0.0,0.322,5.46149239743282,0.0
5451,0.322,0.0,0.0,0.0,0.322,5.1555923974328195,0.0
5452,0.322,0.0,0.0,0.0,0.322,4.849692397432819,0.0
5453,0.322,0.0,0.0,0.0,0.322,4.543792397432819,0.0
5454,0.322,0.083617897009799,0.0003821029902009998,0.0,0.238382102990201,4.317329399592129,0.0
5455,0.322,0.34143974612334593,0.001560253876654094,0.019439746123345935,0.0,4.3357971584093065,0.0
5456,0.395,0.395,0.31899999999999995,0.0,0.0,4.3357971584093065,0.0
5457,0.322,0.322,1.351,0.0,0.0,4.3357971584093065,0.0
5458,0.322,0.322,2.072,0.0,0.0,4.3357971584093065,0.0
5459,0.322,0.322,3.234,0.0,0.0,4.3357971584093065,0.0
5460,0.322,2.922,1.012,2.6,0.0,6.805797158409306,0.0
5461,0.322,2.922,0.44499999999999984,2.6,0.0,9.275797158409308,0.0
5462,0.322,0.322,2.646,0.0,0.0,9.275797158409308,0.0
5463,0.995,3.546792464832308,0.016207535167692022,2.551792464832308,0.0,11.7,0.0
5464,0.422,0.422,2.805,0.0,0.0,11.7,0.0
5465,0.422,0.422,1.5310000000000004,0.0,0.0,11.7,0.0
5466,2.422,0.7874018635089406,0.003598136491059445,0.0,1.6345981364910596,10.147131770333495,0.0
5467,0.422,0.2578218491135469,0.001178150886453122,0.0,0.16417815088645307,9.991162526991364,0.0
5468,0.495,0.0418089485048995,0.0001910514951004999,0.0,0.45319105149510047,9.560631028071017,0.0
5469,0.422,0.0,0.0,0.0,0.422,9.159731028071016,0.0
5470,0.422,0.0,0.0,0.0,0.422,8.758831028071016,0.0
5471,0.422,0.0,0.0,0.0,0.422,8.357931028071016,0.0
5472,0.322,0.0,0.0,0.0,0.322,8.052031028071017,0.0
5473,0.322,0.0,0.0,0.0,0.322,7.746131028071017,0.0
5474,0.322,0.0,0.0,0.0,0.322,7.440231028071016,0.0
5475,0.322,0.0,0.0,0.0,0.322,7.134331028071016,0.0
5476,0.322,0.0,0.0,0.0,0.322,6.828431028071016,0.0
5477,0.322,0.0,0.0,0.0,0.322,6.522531028071016,0.0
5478,0.322,0.083617897009799,0.0003821029902009998,0.0,0.238382102990201,6.296068030230325,0.0
5479,0.322,0.1323950035988484,0.0006049964011516085,0.0,0.1896049964011516,6.115943283649231,0.0
5480,0.395,0.22298105869279736,0.0010189413072026476,0.0,0.17201894130720266,5.952525289407388,0.0
5481,0.322,0.322,0.10499999999999998,0.0,0.0,5.952525289407388,0.0
5482,0.322,0.322,0.441,0.0,0.0,5.952525289407388,0.0
5483,0.322,0.322,0.966,0.0,0.0,5.952525289407388,0.0
5484,0.322,1.667246336435499,0.3627536635645008,1.345246336435499,0.0,7.230509309021112,0.0
5485,0.322,2.4946005941256697,0.011399405874330082,2.1726005941256696,0.0,9.2944798734405,0.0
5486,0.322,0.322,1.3719999999999999,0.0,0.0,9.2944798734405,0.0
5487,0.995,0.752561073088191,0.003438926911809026,0.0,0.242438926911809,9.06416289287428,0.0
5488,0.422,0.422,0.019000000000000017,0.0,0.0,9.06416289287428,0.0
5489,0.422,0.35537606229164576,0.0016239377083542283,0.0,0.06662393770835424,9.000870152051343,0.0
5490,2.422,0.35537606229164576,0.0016239377083542283,0.0,2.0666239377083544,7.037577411228406,0.0
5491,0.422,0.29266263953429655,0.0013373604657034854,0.0,0.12933736046570346,6.914706918785987,0.0
5492,0.495,0.083617897009799,0.0003821029902009998,0.0,0.411382102990201,6.523893920945297,0.0
5493,0.422,0.0,0.0,0.0,0.422,6.122993920945297,0.0
5494,0.422,0.0,0.0,0.0,0.422,5.722093920945297,0.0
5495,0.422,0.0,0.0,0.0,0.422,5.321193920945297,0.0
5496,0.322,0.0,0.0,0.0,0.322,5.015293920945297,0.0
5497,0.322,0.0,0.0,0.0,0.322,4.709393920945296,0.0
5498,0.322,0.0,0.0,0.0,0.322,4.403493920945296,0.0
5499,0.322,0.0,0.0,0.0,0.322,4.097593920945296,0.0
5500,0.322,0.0,0.0,0.0,0.322,3.791693920945296,0.0
5501,0.322,0.0,0.0,0.0,0.322,3.485793920945296,0.0
5502,0.322,0.09755421317809883,0.0004457868219011757,0.0,0.22444578682190117,3.27257042346449,0.0
5503,0.322,0.3693123784599456,0.0016876215400544181,0.04731237845994557,0.0,3.317517183001438,0.0
5504,0.395,0.395,0.613,0.0,0.0,3.317517183001438,0.0
5505,0.322,0.322,1.26,0.0,0.0,3.317517183001438,0.0
5506,0.322,0.322,2.0999999999999996,0.0,0.0,3.317517183001438,0.0
5507,0.322,2.922,0.30500000000000016,2.6,0.0,5.787517183001438,0.0
5508,0.322,0.322,3.311,0.0,0.0,5.787517183001438,0.0
5509,0.322,2.922,0.7669999999999999,2.6,0.0,8.257517183001438,0.0
5510,0.322,0.322,2.5269999999999997,0.0,0.0,8.257517183001438,0.0
5511,0.995,2.7384861270709178,0.01251387292908257,1.7434861270709174,0.0,9.91382900371881,0.0
5512,0.422,0.422,2.266,0.0,0.0,9.91382900371881,0.0
5513,0.422,0.422,1.6289999999999998,0.0,0.0,9.91382900371881,0.0
5514,2.422,1.094000819211537,0.004999180788463065,0.0,1.3279991807884632,8.652229781969769,0.0
5515,0.422,0.3065989557025963,0.0014010442974036752,0.0,0.11540104429740365,8.542598789887236,0.0
5516,0.495,0.09058605509394892,0.0004139449060510808,0.0,0.40441394490605115,8.158405542226488,0.0
5517,0.422,0.0,0.0,0.0,0.422,7.757505542226487,0.0
5518,0.422,0.0,0.0,0.0,0.422,7.356605542226487,0.0
5519,0.422,0.0,0.0,0.0,0.422,6.955705542226487,0.0
5520,0.322,0.0,0.0,0.0,0.322,6.649805542226487,0.0
5521,0.322,0.0,0.0,0.0,0.322,6.343905542226486,0.0
5522,0.322,0.0,0.0,0.0,0.322,6.038005542226486,0.0
5523,0.322,0.0,0.0,0.0,0.322,5.732105542226486,0.0
5524,0.322,0.0,0.0,0.0,0.322,5.426205542226485,0.0
5525,0.322,0.0,0.0,0.0,0.322,5.120305542226485,0.0
5526,0.322,0.1323950035988484,0.0006049964011516085,0.0,0.1896049964011516,4.940180795645392,0.0
5527,0.322,0.4111213269648451,0.0018786730351548764,0.08912132696484504,0.0,5.024846056261994,0.0
5528,0.395,0.9476694994443887,0.00433050055561135,0.5526694994443887,0.0,5.549882080734164,0.0
5529,0.322,0.322,1.309,0.0,0.0,5.549882080734164,0.0
5530,0.322,0.322,2.324,0.0,0.0,5.549882080734164,0.0
5531,0.322,0.322,3.486,0.0,0.0,5.549882080734164,0.0
5532,0.322,2.922,1.6,2.6,0.0,8.019882080734163,0.0
5533,0.322,0.322,4.277,0.0,0.0,8.019882080734163,0.0
5534,0.322,0.322,3.8359999999999994,0.0,0.0,8.019882080734163,0.0
5535,0.995,2.773326917491667,0.012673082508332989,1.7783269174916667,0.0,9.709292652351248,0.0
5536,0.422,0.422,1.258,0.0,0.0,9.709292652351248,0.0
5537,0.422,0.422,0.26400000000000007,0.0,0.0,9.709292652351248,0.0
5538,2.422,0.3902168527123953,0.0017831472876047028,0.0,2.0317831472876047,7.779098662428022,0.0
5539,0.422,0.2020765844403476,0.0009234155596524185,0.0,0.2199234155596524,7.5701714176463515,0.0
5540,0.495,0.048777106589049414,0.00022289341095058784,0.0,0.44622289341095056,7.146259668905948,0.0
5541,0.422,0.0,0.0,0.0,0.422,6.745359668905948,0.0
5542,0.422,0.0,0.0,0.0,0.422,6.344459668905948,0.0
5543,0.422,0.0,0.0,0.0,0.422,5.943559668905948,0.0
5544,0.322,0.0,0.0,0.0,0.322,5.637659668905948,0.0
5545,0.322,0.0,0.0,0.0,0.322,5.331759668905947,0.0
5546,0.322,0.0,0.0,0.0,0.322,5.025859668905947,0.0
5547,0.322,0.0,0.0,0.0,0.322,4.719959668905947,0.0
5548,0.322,0.0,0.0,0.0,0.322,4.414059668905947,0.0
5549,0.322,0.0,0.0,0.0,0.322,4.108159668905946,0.0
5550,0.322,0.06968158084149917,0.0003184191585008378,0.0,0.25231841915850084,3.868457170705371,0.0
5551,0.322,0.27175816528184676,0.0012418347181532563,0.0,0.05024183471815324,3.8207274277231256,0.0
5552,0.395,0.395,0.347,0.0,0.0,3.8207274277231256,0.0
5553,0.322,1.4075679329982833,0.006432067001716835,1.0855679329982832,0.0,4.8520169640714945,0.0
5554,0.322,1.7211350467850295,0.007864953214970605,1.3991350467850294,0.0,6.181195258517272,0.0
5555,0.322,0.322,1.8129999999999997,0.0,0.0,6.181195258517272,0.0
5556,0.322,2.599122965387919,0.011877034612080895,2.277122965387919,0.0,8.344462075635796,0.0
5557,0.322,0.322,2.226,0.0,0.0,8.344462075635796,0.0
5558,0.322,1.9162434731412272,0.00875652685877304,1.5942434731412272,0.0,9.858993375119962,0.0
5559,0.995,0.995,0.6639999999999998,0.0,0.0,9.858993375119962,0.0
5560,0.422,0.422,1.006,0.0,0.0,9.858993375119962,0.0
5561,0.422,1.2821410874835848,0.005858912516415238,0.8601410874835848,0.0,10.676127408229366,0.0
5562,2.422,0.8292108120138401,0.003789187986159903,0.0,1.59278918798616,9.16297767964251,0.0
5563,0.422,0.3065989557025963,0.0014010442974036752,0.0,0.11540104429740365,9.05334668755998,0.0
5564,0.495,0.06271342275734924,0.0002865772426507568,0.0,0.43228657724265074,8.642674439179462,0.0
5565,0.422,0.0,0.0,0.0,0.422,8.241774439179462,0.0
5566,0.422,0.0,0.0,0.0,0.422,7.840874439179463,0.0
5567,0.422,0.0,0.0,0.0,0.422,7.439974439179463,0.0
5568,0.322,0.0,0.0,0.0,0.322,7.134074439179463,0.0
5569,0.322,0.0,0.0,0.0,0.322,6.828174439179462,0.0
5570,0.322,0.0,0.0,0.0,0.322,6.522274439179462,0.0
5571,0.322,0.0,0.0,0.0,0.322,6.216374439179462,0.0
5572,0.322,0.0,0.0,0.0,0.322,5.9104744391794615,0.0
5573,0.322,0.0,0.0,0.0,0.322,5.604574439179461,0.0
5574,0.322,0.11845868743054859,0.0005413125694514187,0.0,0.2035413125694514,5.4112101922384825,0.0
5575,0.322,0.322,0.09099999999999997,0.0,0.0,5.4112101922384825,0.0
5576,0.395,1.2960774036518845,0.005922596348115539,0.9010774036518845,0.0,6.267233725707773,0.0
5577,0.322,0.322,2.0300000000000002,0.0,0.0,6.267233725707773,0.0
5578,0.322,0.322,3.024,0.0,0.0,6.267233725707773,0.0
5579,0.322,2.922,1.0819999999999994,2.6,0.0,8.737233725707773,0.0
5580,0.322,2.922,1.0679999999999996,2.6,0.0,11.207233725707772,0.0
5581,0.322,0.322,3.0869999999999997,0.0,0.0,11.207233725707772,0.0
5582,0.322,0.322,2.926,0.0,0.0,11.207233725707772,0.0
5583,0.995,0.995,1.532,0.0,0.0,11.207233725707772,0.0
5584,0.422,0.422,1.4120000000000001,0.0,0.0,11.207233725707772,0.0
5585,0.422,0.9407013413602389,0.004298658639761199,0.5187013413602389,0.0,11.7,0.0
5586,2.422,0.7037839664991417,0.0032160335008584173,0.0,1.7182160335008587,10.067694768174183,0.0
5587,0.422,0.29266263953429655,0.0013373604657034854,0.0,0.12933736046570346,9.944824275731765,0.0
5588,0.495,0.05574526467319934,0.0002547353268006619,0.0,0.4392547353268007,9.527532277171304,0.0
5589,0.422,0.0,0.0,0.0,0.422,9.126632277171304,0.0
5590,0.422,0.0,0.0,0.0,0.422,8.725732277171304,0.0
5591,0.422,0.0,0.0,0.0,0.422,8.324832277171303,0.0
5592,0.322,0.0,0.0,0.0,0.322,8.018932277171304,0.0
5593,0.322,0.0,0.0,0.0,0.322,7.713032277171304,0.0
5594,0.322,0.0,0.0,0.0,0.322,7.4071322771713035,0.0
5595,0.322,0.0,0.0,0.0,0.322,7.101232277171303,0.0
5596,0.322,0.0,0.0,0.0,0.322,6.795332277171303,0.0
5597,0.322,0.0,0.0,0.0,0.322,6.489432277171303,0.0
5598,0.322,0.1323950035988484,0.0006049964011516085,0.0,0.1896049964011516,6.309307530590208,0.0
5599,0.322,0.322,0.10499999999999998,0.0,0.0,6.309307530590208,0.0
5600,0.395,1.094000819211537,0.004999180788463065,0.6990008192115369,0.0,6.973358308841169,0.0
5601,0.322,0.322,1.267,0.0,0.0,6.973358308841169,0.0
5602,0.322,0.322,2.408,0.0,0.0,6.973358308841169,0.0
5603,0.322,0.322,3.5140000000000002,0.0,0.0,6.973358308841169,0.0
5604,0.322,0.322,3.038,0.0,0.0,6.973358308841169,0.0
5605,0.322,1.5948877838039168,0.8481122161960828,1.2728877838039168,0.0,8.182601703454889,0.0
5606,0.322,1.484217671923932,0.006782328076067934,1.1622176719239319,0.0,9.286708491782626,0.0
5607,0.995,0.919796867107789,0.004203132892211081,0.0,0.07520313289221095,9.215265515535027,0.0
5608,0.422,0.422,0.187,0.0,0.0,9.215265515535027,0.0
5609,0.422,0.36234422037579567,0.0016557796242043232,0.0,0.05965577962420433,9.158592524892033,0.0
5610,2.422,0.250853691029397,0.0011463089706030272,0.0,2.1711463089706027,7.096003531369958,0.0
5611,0.422,0.15329947785129816,0.0007005221487018376,0.0,0.2687005221487019,6.840738035328692,0.0
5612,0.495,0.034840790420749584,0.0001592095792504189,0.0,0.46015920957925033,6.403586786228404,0.0
5613,0.422,0.0,0.0,0.0,0.422,6.002686786228404,0.0
5614,0.422,0.0,0.0,0.0,0.422,5.601786786228404,0.0
5615,0.422,0.0,0.0,0.0,0.422,5.200886786228404,0.0
5616,0.322,0.0,0.0,0.0,0.322,4.8949867862284036,0.0
5617,0.322,0.0,0.0,0.0,0.322,4.589086786228403,0.0
5618,0.322,0.0,0.0,0.0,0.322,4.283186786228403,0.0
5619,0.322,0.0,0.0,0.0,0.322,3.977286786228403,0.0
5620,0.322,0.0,0.0,0.0,0.322,3.6713867862284033,0.0
5621,0.322,0.0,0.0,0.0,0.322,3.3654867862284035,0.0
5622,0.322,0.0418089485048995,0.0001910514951004999,0.0,0.2801910514951005,3.0993052873080584,0.0
5623,0.322,0.29266263953429655,0.0013373604657034854,0.0,0.02933736046570347,3.07143479486564,0.0
5624,0.395,1.080064503043237,0.004935496956762986,0.6850645030432371,0.0,3.722246072756715,0.0
5625,0.322,0.322,1.8409999999999997,0.0,0.0,3.722246072756715,0.0
5626,0.322,2.5364095426305697,0.011590457369430318,2.2144095426305697,0.0,5.825935138255756,0.0
5627,0.322,2.7315179689867675,0.012482031013232753,2.4095179689867674,0.0,8.114977208793187,0.0
5628,0.322,0.322,2.989,0.0,0.0,8.114977208793187,0.0
5629,0.322,2.922,0.19300000000000006,2.6,0.0,10.584977208793186,0.0
5630,0.322,0.322,2.436,0.0,0.0,10.584977208793186,0.0
5631,0.995,0.995,1.0979999999999999,0.0,0.0,10.584977208793186,0.0
5632,0.422,0.422,1.8880000000000001,0.0,0.0,10.584977208793186,0.0
5633,0.422,1.595708201270331,0.007291798729669008,1.173708201270331,0.0,11.7,0.0
5634,2.422,0.8988923928553392,0.004107607144660852,0.0,1.5231076071446608,10.253047773212574,0.0
5635,0.422,0.2787263233659967,0.0012736766340033512,0.0,0.1432736766340033,10.11693778041027,0.0
5636,0.495,0.034840790420749584,0.0001592095792504189,0.0,0.46015920957925033,9.679786531309983,0.0
5637,0.422,0.0,0.0,0.0,0.0,9.679786531309983,0.422
5638,0.422,0.0,0.0,0.0,0.422,9.278886531309983,0.0
5639,0.422,0.0,0.0,0.0,0.422,8.877986531309983,0.0
5640,0.322,0.0,0.0,0.0,0.322,8.572086531309983,0.0
5641,0.322,0.0,0.0,0.0,0.322,8.266186531309984,0.0
5642,0.322,0.0,0.0,0.0,0.322,7.960286531309983,0.0
5643,0.322,0.0,0.0,0.0,0.0,7.960286531309983,0.322
5644,0.322,0.0,0.0,0.0,0.322,7.654386531309982,0.0
5645,0.322,0.0,0.0,0.0,0.0,7.654386531309982,0.322
5646,0.322,0.02787263233659967,0.00012736766340033095,0.0,0.2941273676634003,7.374965532029752,0.0
5647,0.322,0.1323950035988484,0.0006049964011516085,0.0,0.1896049964011516,7.194840785448659,0.0
5648,0.395,0.29266263953429655,0.0013373604657034854,0.0,0.10233736046570348,7.09762029300624,0.0
5649,0.322,0.3902168527123953,0.0017831472876047028,0.06821685271239533,0.0,7.1624263030830155,0.0
5650,0.322,0.4041531688806952,0.001846831119304837,0.0821531688806952,0.0,7.240471813519676,0.0
5651,0.322,0.3832486946282454,0.0017513053717546079,0.06124869462824541,0.0,7.298658073416508,0.0
5652,0.322,0.4808029078063443,0.002197092193655714,0.15880290780634426,0.0,7.449520835832534,0.0
5653,0.322,0.6619750179942421,0.003024982005757959,0.3399750179942421,0.0,7.772497102927065,0.0
5654,0.322,0.6341023856576424,0.0028976143423575795,0.3121023856576424,0.0,8.068994369301825,0.0
5655,0.995,0.4668665916380444,0.0021334083619556354,0.0,0.5281334083619555,7.567267631357967,0.0
5656,0.422,0.3693123784599456,0.0016876215400544181,0.0,0.05268762154005441,7.517214390894916,0.0
5657,0.422,0.250853691029397,0.0011463089706030272,0.0,0.0,7.517214390894916,0.17114630897060298
5658,2.422,0.11149052934639868,0.0005094706536013238,0.0,1.0781175339680775,6.493002733625239,1.232391936685524
5659,0.422,0.02090447425244975,9.552574755024995e-5,0.0,0.0,6.493002733625239,0.4010955257475502
5660,0.495,0.0,0.0,0.0,0.495,6.022752733625239,0.0
5661,0.422,0.0,0.0,0.0,0.422,5.621852733625239,0.0
5662,0.422,0.0,0.0,0.0,0.422,5.220952733625239,0.0
5663,0.422,0.0,0.0,0.0,0.422,4.820052733625239,0.0
5664,0.322,0.0,0.0,0.0,0.322,4.51415273362524,0.0
5665,0.322,0.0,0.0,0.0,0.0,4.51415273362524,0.322
5666,0.322,0.0,0.0,0.0,0.322,4.2082527336252396,0.0
5667,0.322,0.0,0.0,0.0,0.322,3.9023527336252397,0.0
5668,0.322,0.0,0.0,0.0,0.322,3.59645273362524,0.0
5669,0.322,0.0,0.0,0.0,0.322,3.29055273362524,0.0
5670,0.322,0.006968158084149917,3.184191585008274e-5,0.0,0.3150318419158501,2.9912724838051825,0.0
5671,0.322,0.11845868743054859,0.0005413125694514187,0.0,0.2035413125694514,2.797908236864203,0.0
5672,0.395,0.23691737486109718,0.0010826251389028374,0.0,0.15808262513890284,2.6477297429822455,0.0
5673,0.322,0.27175816528184676,0.0012418347181532563,0.0,0.05024183471815324,2.6,0.0
5674,0.322,0.502906418893322,0.06409358110667807,0.18090641889332196,0.0,2.7718610979486558,0.0
5675,0.322,1.351822668325084,0.006177331674916076,1.029822668325084,0.0,3.7501926328574853,0.0
5676,0.322,0.322,1.4209999999999998,0.0,0.0,3.7501926328574853,0.0
5677,0.322,2.6130592815562186,0.011940718443781417,2.2910592815562185,0.0,5.926698950335893,0.0
5678,0.322,2.922,0.02499999999999991,2.6,0.0,8.396698950335892,0.0
5679,0.995,0.995,0.8390000000000001,0.0,0.0,8.396698950335892,0.0
5680,0.422,0.9755421317809885,0.004457868219011618,0.5535421317809884,0.0,8.922563975527831,0.0
5681,0.422,0.5086755401429439,0.0023244598570560937,0.08667554014294394,0.0,9.004905738663629,0.0
5682,2.422,0.22994921677694724,0.0010507832230527703,0.0,2.192050783223053,6.922457494601728,0.0
5683,0.422,0.07664973892564908,0.0003502610743509188,0.0,0.3453502610743509,6.594374746581094,0.0
5684,0.495,0.0,0.0,0.0,0.495,6.124124746581094,0.0
5685,0.422,0.0,0.0,0.0,0.422,5.723224746581094,0.0
5686,0.422,0.0,0.0,0.0,0.422,5.322324746581094,0.0
5687,0.422,0.0,0.0,0.0,0.422,4.921424746581094,0.0
5688,0.322,0.0,0.0,0.0,0.322,4.615524746581094,0.0
5689,0.322,0.0,0.0,0.0,0.322,4.309624746581093,0.0
5690,0.322,0.0,0.0,0.0,0.322,4.003724746581093,0.0
5691,0.322,0.0,0.0,0.0,0.322,3.6978247465810936,0.0
5692,0.322,0.0,0.0,0.0,0.322,3.3919247465810938,0.0
5693,0.322,0.0,0.0,0.0,0.322,3.086024746581094,0.0
5694,0.322,0.006968158084149917,3.184191585008274e-5,0.0,0.3150318419158501,2.7867444967610364,0.0
5695,0.322,0.1254268455146985,0.0005731544853015136,0.0,0.19657315448530152,2.6,0.0
5696,0.395,0.395,0.242,0.0,0.0,2.6,0.0
5697,0.322,0.322,0.9099999999999999,0.0,0.0,2.6,0.0
5698,0.322,0.322,1.6799999999999997,0.0,0.0,2.6,0.0
5699,0.322,0.322,2.8,0.0,0.0,2.6,0.0
5700,0.322,2.922,0.879,2.6,0.0,5.07,0.0
5701,0.322,2.1762974227194616,1.883702577280538,1.8542974227194615,0.0,6.831582551583488,0.0
5702,0.322,0.322,3.766,0.0,0.0,6.831582551583488,0.0
5703,0.995,0.995,2.505,0.0,0.0,6.831582551583488,0.0
5704,0.422,0.422,2.287,0.0,0.0,6.831582551583488,0.0
5705,0.422,1.8535300503838779,0.008469949616122241,1.431530050383878,0.0,8.191536099448173,0.0
5706,2.422,0.9616058156126887,0.004394184387311428,0.0,1.4603941843873114,6.804161624280227,0.0
5707,0.422,0.22298105869279736,0.0010189413072026476,0.0,0.19901894130720263,6.615093630038384,0.0
5708,0.495,0.02090447425244975,9.552574755024995e-5,0.0,0.4740955257475502,6.164702880578211,0.0
5709,0.422,0.0,0.0,0.0,0.422,5.763802880578211,0.0
5710,0.422,0.0,0.0,0.0,0.422,5.362902880578211,0.0
5711,0.422,0.0,0.0,0.0,0.422,4.962002880578211,0.0
5712,0.322,0.0,0.0,0.0,0.322,4.656102880578211,0.0
5713,0.322,0.0,0.0,0.0,0.322,4.350202880578211,0.0
5714,0.322,0.0,0.0,0.0,0.322,4.044302880578211,0.0
5715,0.322,0.0,0.0,0.0,0.322,3.738402880578211,0.0
5716,0.322,0.0,0.0,0.0,0.322,3.432502880578211,0.0
5717,0.322,0.0,0.0,0.0,0.322,3.1266028805782113,0.0
5718,0.322,0.06271342275734924,0.0002865772426507568,0.0,0.25928657724265075,2.880280632197693,0.0
5719,0.322,0.322,0.014000000000000012,0.0,0.0,2.880280632197693,0.0
5720,0.395,0.395,0.907,0.0,0.0,2.880280632197693,0.0
5721,0.322,2.4109826971158705,0.011017302884129165,2.0889826971158705,0.0,4.86481419445777,0.0
5722,0.322,0.322,3.066,0.0,0.0,4.86481419445777,0.0
5723,0.322,0.322,3.808,0.0,0.0,4.86481419445777,0.0
5724,0.322,2.922,1.621,2.6,0.0,7.33481419445777,0.0
5725,0.322,0.322,4.312,0.0,0.0,7.33481419445777,0.0
5726,0.322,0.322,4.116,0.0,0.0,7.33481419445777,0.0
5727,0.995,0.995,2.9320000000000004,0.0,0.0,7.33481419445777,0.0
5728,0.422,0.422,2.714,0.0,0.0,7.33481419445777,0.0
5729,0.422,2.0834792671608247,0.009520732839175317,1.6614792671608252,0.0,8.913219498260556,0.0
5730,2.422,0.9476694994443887,0.00433050055561135,0.0,1.4743305005556113,7.5126055227327235,0.0
5731,0.422,0.19510842635619766,0.0008915736438023514,0.0,0.22689157364380233,7.297058527771111,0.0
5732,0.495,0.013936316168299835,6.368383170016548e-5,0.0,0.4810636838317002,6.8400480281309965,0.0
5733,0.422,0.0,0.0,0.0,0.422,6.4391480281309965,0.0
5734,0.422,0.0,0.0,0.0,0.422,6.0382480281309965,0.0
5735,0.422,0.0,0.0,0.0,0.422,5.6373480281309964,0.0
5736,0.322,0.0,0.0,0.0,0.322,5.331448028130996,0.0
5737,0.322,0.0,0.0,0.0,0.322,5.025548028130996,0.0
5738,0.322,0.0,0.0,0.0,0.322,4.719648028130996,0.0
5739,0.322,0.0,0.0,0.0,0.322,4.413748028130995,0.0
5740,0.322,0.0,0.0,0.0,0.322,4.107848028130995,0.0
5741,0.322,0.0,0.0,0.0,0.322,3.801948028130995,0.0
5742,0.322,0.05574526467319934,0.0002547353268006619,0.0,0.26625473532680066,3.549006029570535,0.0
5743,0.322,0.322,0.014000000000000012,0.0,0.0,3.549006029570535,0.0
5744,0.395,1.261236613231135,0.005763386768864898,0.8662366132311349,0.0,4.371930812140113,0.0
5745,0.322,2.3691737486109723,0.010826251389028041,2.0471737486109722,0.0,6.316745873320535,0.0
5746,0.322,0.322,3.01,0.0,0.0,6.316745873320535,0.0
5747,0.322,2.922,0.8860000000000001,2.6,0.0,8.786745873320534,0.0
5748,0.322,0.322,3.6329999999999996,0.0,0.0,8.786745873320534,0.0
5749,0.322,0.322,3.7239999999999993,0.0,0.0,8.786745873320534,0.0
5750,0.322,0.322,3.5,0.0,0.0,8.786745873320534,0.0
5751,0.995,2.982371660016164,0.013628339983835946,1.9873716600161642,0.0,10.674748950335891,0.0
5752,0.422,1.4354405653348827,0.006559434665117214,1.0134405653348828,0.0,11.63751748740403,0.0
5753,0.422,0.48777106589049424,0.002228934109505809,0.06577106589049422,0.0,11.7,0.0
5754,2.422,0.22994921677694724,0.0010507832230527703,0.0,2.1920507832230527,9.6175517559381,0.0
5755,0.422,0.1254268455146985,0.0005731544853015136,0.0,0.29657315448530147,9.335807259177061,0.0
5756,0.495,0.006968158084149917,3.184191585008274e-5,0.0,0.4880318419158501,8.872177009357005,0.0
5757,0.422,0.0,0.0,0.0,0.0,8.872177009357005,0.422
5758,0.422,0.0,0.0,0.0,0.0,8.872177009357005,0.422
5759,0.422,0.0,0.0,0.0,0.422,8.471277009357005,0.0
5760,0.322,0.0,0.0,0.0,0.322,8.165377009357005,0.0
5761,0.322,0.0,0.0,0.0,0.322,7.859477009357007,0.0
5762,0.322,0.0,0.0,0.0,0.322,7.5535770093570065,0.0
5763,0.322,0.0,0.0,0.0,0.322,7.247677009357006,0.0
5764,0.322,0.0,0.0,0.0,0.322,6.941777009357006,0.0
5765,0.322,0.0,0.0,0.0,0.322,6.635877009357006,0.0
5766,0.322,0.006968158084149917,3.184191585008274e-5,0.0,0.3150318419158501,6.336596759536947,0.0
5767,0.322,0.06968158084149917,0.0003184191585008378,0.0,0.25231841915850084,6.096894261336372,0.0
5768,0.395,0.2020765844403476,0.0009234155596524185,0.0,0.19292341555965242,5.913617016554702,0.0
5769,0.322,0.5922934371527431,0.0027065628472570102,0.27029343715274295,0.0,6.170395781849808,0.0
5770,0.322,0.9407013413602389,0.004298658639761199,0.6187013413602388,0.0,6.758162056142035,0.0
5771,0.322,0.7804337054247906,0.0035662945752094055,0.45843370542479067,0.0,7.1936740762955855,0.0
5772,0.322,0.6201660694893426,0.0028339305106573898,0.2981660694893426,0.0,7.476931842310462,0.0
5773,0.322,0.5644208048161433,0.0025791951838567417,0.2424208048161433,0.0,7.707231606885798,0.0
5774,0.322,0.5783571209844431,0.0026428790155569315,0.25635712098444313,0.0,7.95077087182102,0.0
5775,0.995,0.36234422037579567,0.0016557796242043232,0.0,0.6326557796242044,7.349747881178025,0.0
5776,0.422,0.3762805365440955,0.001719463455904513,0.0,0.04571946345590448,7.306314390894915,0.0
5777,0.422,0.501707382058794,0.0022926179412060543,0.07970738205879402,0.0,7.382036403850769,0.0
5778,2.422,0.4041531688806952,0.001846831119304837,0.0,1.7299583243888317,5.738575995681382,0.2878885067304733
5779,0.422,0.167235794019598,0.0007642059804019996,0.0,0.254764205980402,5.496549999999999,0.0
5780,0.495,0.0,0.0,0.0,0.495,5.026299999999999,0.0
5781,0.422,0.0,0.0,0.0,0.422,4.625399999999999,0.0
5782,0.422,0.0,0.0,0.0,0.422,4.2245,0.0
5783,0.422,0.0,0.0,0.0,0.422,3.8236000000000003,0.0
5784,0.322,0.0,0.0,0.0,0.0,3.8236000000000003,0.322
5785,0.322,0.0,0.0,0.0,0.322,3.5177,0.0
5786,0.322,0.0,0.0,0.0,0.322,3.2118,0.0
5787,0.322,0.0,0.0,0.0,0.322,2.9059,0.0
5788,0.322,0.0,0.0,0.0,0.0,2.9059,0.322
5789,0.322,0.0,0.0,0.0,0.322,2.6,0.0
5790,0.322,0.0418089485048995,0.0001910514951004999,0.0,0.0,2.6,0.2801910514951005
5791,0.322,0.34143974612334593,0.001560253876654094,0.019439746123345935,0.0,2.6184677588171787,0.0
5792,0.395,0.395,0.8859999999999999,0.0,0.0,2.6184677588171787,0.0
5793,0.322,2.3413011162743724,0.010698883725627883,2.0193011162743724,0.0,4.536803819277832,0.0
5794,0.322,2.7942313917441166,0.012768608255883773,2.4722313917441165,0.0,6.885423641434743,0.0
5795,0.322,1.4288936145696516,0.8671063854303487,1.1068936145696517,0.0,7.936972575275913,0.0
5796,0.322,1.6305489916910807,0.007451008308919427,1.3085489916910806,0.0,9.180094117382437,0.0
5797,0.322,1.6584216240276801,0.007578375972319806,1.33642162402768,0.0,10.449694660208735,0.0
5798,0.322,1.3030455617360346,0.005954438263965356,0.9810455617360342,0.0,11.381687943857965,0.0
5799,0.995,0.8988923928553392,0.004107607144660852,0.0,0.09610760714466073,11.290385717070539,0.0
5800,0.422,0.6480387018259423,0.0029612981740577693,0.22603870182594224,0.0,11.50512248380518,0.0
5801,0.422,0.6271342275734926,0.002865772426507429,0.2051342275734925,0.0,11.7,0.0
5802,2.422,0.43202580121729484,0.001974198782705161,0.0,1.9899741987827053,9.809524511156429,0.0
5803,0.422,0.083617897009799,0.0003821029902009998,0.0,0.338382102990201,9.488061513315738,0.0
5804,0.495,0.0,0.0,0.0,0.495,9.017811513315738,0.0
5805,0.422,0.0,0.0,0.0,0.422,8.616911513315738,0.0
5806,0.422,0.0,0.0,0.0,0.422,8.216011513315738,0.0
5807,0.422,0.0,0.0,0.0,0.422,7.815111513315739,0.0
5808,0.322,0.0,0.0,0.0,0.322,7.509211513315739,0.0
5809,0.322,0.0,0.0,0.0,0.322,7.203311513315739,0.0
5810,0.322,0.0,0.0,0.0,0.322,6.897411513315738,0.0
5811,0.322,0.0,0.0,0.0,0.322,6.591511513315738,0.0
5812,0.322,0.0,0.0,0.0,0.322,6.285611513315738,0.0
5813,0.322,0.0,0.0,0.0,0.322,5.9797115133157375,0.0
5814,0.322,0.013936316168299835,6.368383170016548e-5,0.0,0.3080636838317002,5.687051013675623,0.0
5815,0.322,0.24388553294524712,0.0011144670547529045,0.0,0.0781144670547529,5.612842269973607,0.0
5816,0.395,0.7177202826674414,0.003279717332558607,0.32272028266744135,0.0,5.919426538507677,0.0
5817,0.322,1.0103829222017378,0.004617077798262148,0.6883829222017377,0.0,6.573390314599327,0.0
5818,0.322,0.8640516024345897,0.003948397565410322,0.5420516024345897,0.0,7.088339336912187,0.0
5819,0.322,0.912828709023639,0.004171290976361042,0.5908287090236389,0.0,7.649626610484644,0.0
5820,0.322,1.595708201270331,0.007291798729669008,1.273708201270331,0.0,8.859649401691458,0.0
5821,0.322,0.322,1.253,0.0,0.0,8.859649401691458,0.0
5822,0.322,0.322,1.1689999999999998,0.0,0.0,8.859649401691458,0.0
5823,0.995,1.1497460838847362,0.005253916115263824,0.1547460838847363,0.0,9.006658181381958,0.0
5824,0.422,0.422,0.47400000000000003,0.0,0.0,9.006658181381958,0.0
5825,0.422,0.7943700215930906,0.0036299784069094843,0.37237002159309057,0.0,9.360409701895394,0.0
5826,2.422,0.27175816528184676,0.0012418347181532563,0.0,2.150241834718153,7.317679958913149,0.0
5827,0.422,0.06271342275734924,0.0002865772426507568,0.0,0.35928657724265073,6.97635771053263,0.0
5828,0.495,0.0,0.0,0.0,0.495,6.50610771053263,0.0
5829,0.422,0.0,0.0,0.0,0.422,6.10520771053263,0.0
5830,0.422,0.0,0.0,0.0,0.422,5.70430771053263,0.0
5831,0.422,0.0,0.0,0.0,0.422,5.30340771053263,0.0
5832,0.322,0.0,0.0,0.0,0.322,4.99750771053263,0.0
5833,0.322,0.0,0.0,0.0,0.322,4.6916077105326295,0.0
5834,0.322,0.0,0.0,0.0,0.322,4.385707710532629,0.0
5835,0.322,0.0,0.0,0.0,0.322,4.079807710532629,0.0
5836,0.322,0.0,0.0,0.0,0.322,3.773907710532629,0.0
5837,0.322,0.0,0.0,0.0,0.322,3.4680077105326292,0.0
5838,0.322,0.006968158084149917,3.184191585008274e-5,0.0,0.3150318419158501,3.168727460712572,0.0
5839,0.322,0.13936316168299834,0.0006368383170016756,0.0,0.18263683831700167,2.995222464311421,0.0
5840,0.395,0.4389939593014448,0.0020060406985552004,0.043993959301444736,0.0,3.037016725647793,0.0
5841,0.322,0.6131979114051926,0.0028020885948073504,0.2911979114051927,0.0,3.3136547414827264,0.0
5842,0.322,0.322,0.518,0.0,0.0,3.3136547414827264,0.0
5843,0.322,0.8013381796772404,0.0036618203227596346,0.47933817967724046,0.0,3.769026012176105,0.0
5844,0.322,1.0103829222017378,0.004617077798262148,0.6883829222017378,0.0,4.422989788267756,0.0
5845,0.322,0.46639582596726387,0.9266041740327362,0.14439582596726375,0.0,4.560165822936655,0.0
5846,0.322,2.0556066348242252,0.009393365175774715,1.7336066348242254,0.0,6.2070921260196705,0.0
5847,0.995,3.3168432480553602,0.015156751944639613,2.32184324805536,0.0,8.412843211672264,0.0
5848,0.422,0.422,1.09,0.0,0.0,8.412843211672264,0.0
5849,0.422,0.83617897009799,0.0038210299020099425,0.41417897009799,0.0,8.806313233265351,0.0
5850,2.422,0.34840790420749584,0.001592095792504189,0.0,2.0735920957925043,6.836400742262475,0.0
5851,0.422,0.083617897009799,0.0003821029902009998,0.0,0.338382102990201,6.514937744421785,0.0
5852,0.495,0.0,0.0,0.0,0.495,6.044687744421785,0.0
5853,0.422,0.0,0.0,0.0,0.422,5.643787744421785,0.0
5854,0.422,0.0,0.0,0.0,0.422,5.242887744421785,0.0
5855,0.422,0.0,0.0,0.0,0.422,4.841987744421785,0.0
5856,0.322,0.0,0.0,0.0,0.322,4.536087744421785,0.0
5857,0.322,0.0,0.0,0.0,0.322,4.230187744421785,0.0
5858,0.322,0.0,0.0,0.0,0.322,3.924287744421784,0.0
5859,0.322,0.0,0.0,0.0,0.322,3.618387744421784,0.0
5860,0.322,0.0,0.0,0.0,0.322,3.312487744421784,0.0
5861,0.322,0.0,0.0,0.0,0.322,3.0065877444217843,0.0
5862,0.322,0.006968158084149917,3.184191585008274e-5,0.0,0.3150318419158501,2.707307494601727,0.0
5863,0.322,0.2090447425244975,0.0009552574755024856,0.0,0.11295525747550252,2.6,0.0
5864,0.395,0.395,0.508,0.0,0.0,2.6,0.0
5865,0.322,1.9928932120668759,0.009106787933123917,1.6708932120668758,0.0,4.187348551463533,0.0
5866,0.322,2.922,0.08099999999999996,2.6,0.0,6.657348551463533,0.0
5867,0.322,0.322,3.1149999999999998,0.0,0.0,6.657348551463533,0.0
5868,0.322,0.322,3.7589999999999995,0.0,0.0,6.657348551463533,0.0
5869,0.322,2.922,1.2919999999999994,2.6,0.0,9.127348551463532,0.0
5870,0.322,0.322,3.29,0.0,0.0,9.127348551463532,0.0
5871,0.995,0.995,2.029,0.0,0.0,9.127348551463532,0.0
5872,0.422,2.3413011162743724,0.010698883725627883,1.9193011162743723,0.0,10.950684611924187,0.0
5873,0.422,0.422,1.09,0.0,0.0,10.950684611924187,0.0
5874,2.422,0.6480387018259423,0.0029612981740577693,0.0,1.773961298174058,9.265421378658834,0.0
5875,0.422,0.1323950035988484,0.0006049964011516085,0.0,0.28960499640115156,8.99029663207774,0.0
5876,0.495,0.0,0.0,0.0,0.495,8.52004663207774,0.0
5877,0.422,0.0,0.0,0.0,0.422,8.11914663207774,0.0
5878,0.422,0.0,0.0,0.0,0.422,7.718246632077739,0.0
5879,0.422,0.0,0.0,0.0,0.422,7.317346632077739,0.0
5880,0.322,0.0,0.0,0.0,0.322,7.011446632077739,0.0
5881,0.322,0.0,0.0,0.0,0.322,6.705546632077739,0.0
5882,0.322,0.0,0.0,0.0,0.322,6.399646632077738,0.0
5883,0.322,0.0,0.0,0.0,0.322,6.093746632077738,0.0
5884,0.322,0.0,0.0,0.0,0.322,5.787846632077738,0.0
5885,0.322,0.0,0.0,0.0,0.322,5.4819466320777375,0.0
5886,0.322,0.013936316168299835,6.368383170016548e-5,0.0,0.3080636838317002,5.189286132437622,0.0
5887,0.322,0.2787263233659967,0.0012736766340033512,0.0,0.04327367663400331,5.148176139635319,0.0
5888,0.395,1.1218734515481366,0.005126548451863444,0.7268734515481365,0.0,5.838705918606048,0.0
5889,0.322,0.322,1.7429999999999999,0.0,0.0,5.838705918606048,0.0
5890,0.322,2.6269955977245187,0.012004402275481496,2.3049955977245187,0.0,8.02845173644434,0.0
5891,0.322,2.3970463809475713,0.010953619052428643,2.075046380947571,0.0,9.999745798344534,0.0
5892,0.322,0.322,1.694,0.0,0.0,9.999745798344534,0.0
5893,0.322,2.1117412649004903,0.21925873509950966,1.7897412649004905,0.0,11.7,0.0
5894,0.322,0.322,3.136,0.0,0.0,11.7,0.0
5895,0.995,0.995,2.3019999999999996,0.0,0.0,11.7,0.0
5896,0.422,0.422,2.182,0.0,0.0,11.7,0.0
5897,0.422,0.422,0.901,0.0,0.0,11.7,0.0
5898,2.422,0.5226118563112437,0.0023881436887562835,0.0,1.8993881436887563,9.895581263495682,0.0
5899,0.422,0.13936316168299834,0.0006368383170016756,0.0,0.28263683831700165,9.627076267094532,0.0
5900,0.495,0.0,0.0,0.0,0.495,9.156826267094532,0.0
5901,0.422,0.0,0.0,0.0,0.422,8.755926267094532,0.0
5902,0.422,0.0,0.0,0.0,0.422,8.355026267094532,0.0
5903,0.422,0.0,0.0,0.0,0.422,7.954126267094532,0.0
5904,0.322,0.0,0.0,0.0,0.322,7.648226267094532,0.0
5905,0.322,0.0,0.0,0.0,0.322,7.342326267094531,0.0
5906,0.322,0.0,0.0,0.0,0.322,7.036426267094531,0.0
5907,0.322,0.0,0.0,0.0,0.322,6.730526267094531,0.0
5908,0.322,0.0,0.0,0.0,0.322,6.42462626709453,0.0
5909,0.322,0.0,0.0,0.0,0.322,6.11872626709453,0.0
5910,0.322,0.006968158084149917,3.184191585008274e-5,0.0,0.3150318419158501,5.819446017274473,0.0
5911,0.322,0.23691737486109718,0.0010826251389028374,0.0,0.08508262513890283,5.738617523392515,0.0
5912,0.395,0.9204038081498105,0.23459619185018954,0.5254038081498105,0.0,6.237751141134835,0.0
5913,0.322,0.322,2.163,0.0,0.0,6.237751141134835,0.0
5914,0.322,2.922,0.746,2.6,0.0,8.707751141134834,0.0
5915,0.322,0.322,3.955,0.0,0.0,8.707751141134834,0.0
5916,0.322,0.322,3.15,0.0,0.0,8.707751141134834,0.0
5917,0.322,2.1113518994974245,0.009648100502575474,1.7893518994974247,0.0,10.407635445657387,0.0
5918,0.322,1.5608674108495812,0.007132589150418811,1.2388674108495812,0.0,11.584559485964489,0.0
5919,0.995,0.995,0.2579999999999999,0.0,0.0,11.584559485964489,0.0
5920,0.422,0.422,0.439,0.0,0.0,11.584559485964489,0.0
5921,0.422,0.5435163305636935,0.0024836694363065126,0.12151633056369356,0.0,11.7,0.0
5922,2.422,0.3135671137867463,0.0014328862132537146,0.0,2.108432886213254,9.696988758097408,0.0
5923,0.422,0.09755421317809883,0.0004457868219011757,0.0,0.30744721531215224,9.404913903550867,0.01699857150974888
5924,0.495,0.0,0.0,0.0,0.495,8.934663903550867,0.0
5925,0.422,0.0,0.0,0.0,0.0,8.934663903550867,0.422
5926,0.422,0.0,0.0,0.0,0.0,8.934663903550867,0.422
5927,0.422,0.0,0.0,0.0,0.422,8.533763903550867,0.0
5928,0.322,0.0,0.0,0.0,0.322,8.227863903550865,0.0
5929,0.322,0.0,0.0,0.0,0.0,8.227863903550865,0.322
5930,0.322,0.0,0.0,0.0,0.0,8.227863903550865,0.322
5931,0.322,0.0,0.0,0.0,0.0,8.227863903550865,0.322
5932,0.322,0.0,0.0,0.0,0.322,7.921963903550863,0.0
5933,0.322,0.0,0.0,0.0,0.0,7.921963903550863,0.322
5934,0.322,0.0,0.0,0.0,0.0,7.921963903550863,0.322
5935,0.322,0.048777106589049414,0.00022289341095058784,0.0,0.2732228934109506,7.662402154810459,0.0
5936,0.395,0.167235794019598,0.0007642059804019996,0.0,0.227764205980402,7.446026159129078,0.0
5937,0.322,0.28569448145014664,0.0013055185498533906,0.0,0.036305518549853394,7.4115359165067165,0.0
5938,0.322,0.35537606229164576,0.0016239377083542283,0.03337606229164572,0.0,7.44324317568378,0.0
5939,0.322,0.3693123784599456,0.0016876215400544181,0.04731237845994557,0.0,7.488189935220729,0.0
5940,0.322,0.3762805365440955,0.001719463455904513,0.054280536544095495,0.0,7.53975644493762,0.0
5941,0.322,0.3902168527123953,0.0017831472876047028,0.06821685271239528,0.0,7.604562455014395,0.0
5942,0.322,0.3693123784599456,0.0016876215400544181,0.04731237845994557,0.0,7.649509214551342,0.0
5943,0.995,0.3135671137867463,0.0014328862132537146,0.0,0.6814328862132537,7.002147972648752,0.0
5944,0.422,0.36234422037579567,0.0016557796242043232,0.0,0.0,7.002147972648752,0.05965577962420433
5945,0.422,0.47383474972219436,0.002165250277805675,0.05183474972219438,0.0,7.051390984884837,0.0
5946,2.422,0.4250576431331449,0.0019423568668550661,0.0,1.9969423568668552,5.154295745861324,0.0
5947,0.422,0.09755421317809883,0.0004457868219011757,0.0,0.0,5.154295745861324,0.3244457868219011
5948,0.495,0.0,0.0,0.0,0.495,4.684045745861324,0.0
5949,0.422,0.0,0.0,0.0,0.0,4.684045745861324,0.422
5950,0.422,0.0,0.0,0.0,0.0,4.684045745861324,0.422
5951,0.422,0.0,0.0,0.0,0.422,4.283145745861324,0.0
5952,0.322,0.0,0.0,0.0,0.322,3.977245745861324,0.0
5953,0.322,0.0,0.0,0.0,0.322,3.6713457458613243,0.0
5954,0.322,0.0,0.0,0.0,0.0,3.6713457458613243,0.322
5955,0.322,0.0,0.0,0.0,0.322,3.3654457458613245,0.0
5956,0.322,0.0,0.0,0.0,0.322,3.059545745861324,0.0
5957,0.322,0.0,0.0,0.0,0.322,2.7536457458613244,0.0
5958,0.322,0.0,0.0,0.0,0.0,2.7536457458613244,0.322
5959,0.322,0.1602676359354481,0.0007323640645519047,0.0,0.1617323640645519,2.6,0.0
5960,0.395,0.6201660694893426,0.0028339305106573898,0.2251660694893426,0.0,2.8139077660148755,0.0
5961,0.322,1.4284724072507327,0.006527592749267175,1.1064724072507326,0.0,3.865056552903072,0.0
5962,0.322,0.322,1.596,0.0,0.0,3.865056552903072,0.0
5963,0.322,2.0137976863193257,0.009202313680674035,1.6917976863193256,0.0,5.4722643549064305,0.0
5964,0.322,1.8744345246363274,0.008565475363672581,1.5524345246363274,0.0,6.947077153310943,0.0
5965,0.322,1.6767894942039572,0.02421050579604289,1.3547894942039571,0.0,8.2341271728047,0.0
5966,0.322,1.351822668325084,0.006177331674916076,1.029822668325084,0.0,9.212458707713528,0.0
5967,0.995,0.9476694994443887,0.00433050055561135,0.0,0.047330500555611256,9.167494732185698,0.0
5968,0.422,0.422,0.187,0.0,0.0,9.167494732185698,0.0
5969,0.422,0.34143974612334593,0.001560253876654094,0.0,0.08056025387665404,9.090962491002879,0.0
5970,2.422,0.167235794019598,0.0007642059804019996,0.0,2.254764205980402,6.948936495321498,0.0
5971,0.422,0.02787263233659967,0.00012736766340033095,0.0,0.3941273676634003,6.5745154960412675,0.0
5972,0.495,0.0,0.0,0.0,0.495,6.1042654960412674,0.0
5973,0.422,0.0,0.0,0.0,0.422,5.703365496041267,0.0
5974,0.422,0.0,0.0,0.0,0.422,5.302465496041267,0.0
5975,0.422,0.0,0.0,0.0,0.422,4.901565496041267,0.0
5976,0.322,0.0,0.0,0.0,0.322,4.595665496041267,0.0
5977,0.322,0.0,0.0,0.0,0.322,4.289765496041267,0.0
5978,0.322,0.0,0.0,0.0,0.322,3.983865496041266,0.0
5979,0.322,0.0,0.0,0.0,0.322,3.677965496041266,0.0
5980,0.322,0.0,0.0,0.0,0.322,3.3720654960412664,0.0
5981,0.322,0.0,0.0,0.0,0.322,3.0661654960412665,0.0
5982,0.322,0.0,0.0,0.0,0.322,2.7602654960412667,0.0
5983,0.322,0.15329947785129816,0.0007005221487018376,0.0,0.16870052214870185,2.6,0.0
5984,0.395,0.395,0.31899999999999995,0.0,0.0,2.6,0.0
5985,0.322,1.505122146176382,0.006877853823618052,1.183122146176382,0.0,3.723966038867563,0.0
5986,0.322,2.5573140168830193,0.011685983116980658,2.2353140168830192,0.0,5.84751435490643,0.0
5987,0.322,1.261464824414083,2.098535175585917,0.9394648244140829,0.0,6.74000593809981,0.0
5988,0.322,0.322,4.067,0.0,0.0,6.74000593809981,0.0
5989,0.322,2.922,1.7609999999999997,2.6,0.0,9.21000593809981,0.0
5990,0.322,0.322,4.116,0.0,0.0,9.21000593809981,0.0
5991,0.995,3.595,0.2829999999999999,2.6,0.0,11.680005938099809,0.0
5992,0.422,0.422,2.658,0.0,0.0,11.680005938099809,0.0
5993,0.422,0.422,1.587,0.0,0.0,11.680005938099809,0.0
5994,2.422,0.84314712818214,0.003852871817859982,0.0,1.5788528718178603,10.180095709872845,0.0
5995,0.422,0.10452237126224875,0.0004776287377512428,0.0,0.3174776287377512,9.87849196257198,0.0
5996,0.495,0.0,0.0,0.0,0.495,9.40824196257198,0.0
5997,0.422,0.0,0.0,0.0,0.422,9.00734196257198,0.0
5998,0.422,0.0,0.0,0.0,0.422,8.60644196257198,0.0
5999,0.422,0.0,0.0,0.0,0.422,8.20554196257198,0.0
6000,0.322,0.0,0.0,0.0,0.322,7.8996419625719785,0.0
6001,0.322,0.0,0.0,0.0,0.322,7.593741962571978,0.0
6002,0.322,0.0,0.0,0.0,0.322,7.287841962571978,0.0
6003,0.322,0.0,0.0,0.0,0.322,6.981941962571978,0.0
6004,0.322,0.0,0.0,0.0,0.322,6.676041962571977,0.0
6005,0.322,0.0,0.0,0.0,0.322,6.370141962571977,0.0
6006,0.322,0.0,0.0,0.0,0.322,6.064241962571977,0.0
6007,0.322,0.24388553294524712,0.0011144670547529045,0.0,0.0781144670547529,5.990033218869962,0.0
6008,0.395,1.2054913485579353,0.005508651442064583,0.8104913485579355,0.0,6.760000000000001,0.0
6009,0.322,0.322,1.7919999999999998,0.0,0.0,6.760000000000001,0.0
6010,0.322,0.322,2.436,0.0,0.0,6.760000000000001,0.0
6011,0.322,0.322,2.646,0.0,0.0,6.760000000000001,0.0
6012,0.322,2.922,0.641,2.6,0.0,9.23,0.0
6013,0.322,0.322,4.228,0.0,0.0,9.23,0.0
6014,0.322,2.922,1.7189999999999999,2.6,0.0,11.7,0.0
6015,0.995,0.995,3.2399999999999993,0.0,0.0,11.7,0.0
6016,0.422,0.422,2.5599999999999996,0.0,0.0,11.7,0.0
6017,0.422,0.422,0.8940000000000001,0.0,0.0,11.7,0.0
6018,2.422,0.45293027546974457,0.0020697245302554457,0.0,1.9690697245302555,9.829383761696256,0.0
6019,0.422,0.06968158084149917,0.0003184191585008378,0.0,0.3523184191585008,9.49468126349568,0.0
6020,0.495,0.0,0.0,0.0,0.495,9.02443126349568,0.0
6021,0.422,0.0,0.0,0.0,0.422,8.62353126349568,0.0
6022,0.422,0.0,0.0,0.0,0.422,8.22263126349568,0.0
6023,0.422,0.0,0.0,0.0,0.422,7.821731263495681,0.0
6024,0.322,0.0,0.0,0.0,0.322,7.515831263495681,0.0
6025,0.322,0.0,0.0,0.0,0.322,7.2099312634956805,0.0
6026,0.322,0.0,0.0,0.0,0.322,6.90403126349568,0.0
6027,0.322,0.0,0.0,0.0,0.322,6.59813126349568,0.0
6028,0.322,0.0,0.0,0.0,0.322,6.29223126349568,0.0
6029,0.322,0.0,0.0,0.0,0.322,5.986331263495679,0.0
6030,0.322,0.0,0.0,0.0,0.322,5.680431263495679,0.0
6031,0.322,0.22994921677694724,0.0010507832230527703,0.0,0.09205078322305274,5.5929830194337775,0.0
6032,0.395,0.395,0.9279999999999999,0.0,0.0,5.5929830194337775,0.0
6033,0.322,0.322,2.331,0.0,0.0,5.5929830194337775,0.0
6034,0.322,0.322,3.4160000000000004,0.0,0.0,5.5929830194337775,0.0
6035,0.322,2.922,1.5159999999999996,2.6,0.0,8.06298301943378,0.0
6036,0.322,0.322,4.396,0.0,0.0,8.06298301943378,0.0
6037,0.322,0.322,4.361,0.0,0.0,8.06298301943378,0.0
6038,0.322,0.9141275775962256,3.4398724224037744,0.5921275775962256,0.0,8.625504218150192,0.0
6039,0.995,0.995,2.862,0.0,0.0,8.625504218150192,0.0
6040,0.422,0.422,2.602,0.0,0.0,8.625504218150192,0.0
6041,0.422,0.422,1.405,0.0,0.0,8.625504218150192,0.0
6042,2.422,0.8013381796772404,0.0036618203227596346,0.0,1.6206618203227594,7.085875488843571,0.0
6043,0.422,0.07664973892564908,0.0003502610743509188,0.0,0.3453502610743509,6.7577927408229375,0.0
6044,0.495,0.0,0.0,0.0,0.495,6.287542740822937,0.0
6045,0.422,0.0,0.0,0.0,0.422,5.886642740822937,0.0
6046,0.422,0.0,0.0,0.0,0.422,5.485742740822937,0.0
6047,0.422,0.0,0.0,0.0,0.422,5.084842740822937,0.0
6048,0.322,0.0,0.0,0.0,0.322,4.778942740822937,0.0
6049,0.322,0.0,0.0,0.0,0.322,4.473042740822937,0.0
6050,0.322,0.0,0.0,0.0,0.322,4.1671427408229365,0.0
6051,0.322,0.0,0.0,0.0,0.322,3.861242740822936,0.0
6052,0.322,0.0,0.0,0.0,0.322,3.5553427408229363,0.0
6053,0.322,0.0,0.0,0.0,0.322,3.2494427408229365,0.0
6054,0.322,0.0,0.0,0.0,0.322,2.9435427408229367,0.0
6055,0.322,0.02787263233659967,0.00012736766340033095,0.0,0.2941273676634003,2.6641217415427065,0.0
6056,0.395,0.3275034299550461,0.0014965700449539043,0.0,0.06749657004495392,2.6,0.0
6057,0.322,0.322,1.2389999999999999,0.0,0.0,2.6,0.0
6058,0.322,0.322,2.653,0.0,0.0,2.6,0.0
6059,0.322,2.922,0.11599999999999966,2.6,0.0,5.07,0.0
6060,0.322,2.922,0.10899999999999999,2.6,0.0,7.54,0.0
6061,0.322,1.658326194565107,1.869673805434893,1.336326194565107,0.0,8.809509884836851,0.0
6062,0.322,0.322,3.332,0.0,0.0,8.809509884836851,0.0
6063,0.995,2.8778492887539153,0.01315071124608469,1.8828492887539154,0.0,10.598216709153071,0.0
6064,0.422,1.581771885102031,0.007228114897968929,1.159771885102031,0.0,11.7,0.0
6065,0.422,0.422,0.34800000000000003,0.0,0.0,11.7,0.0
6066,2.422,0.4111213269648451,0.0018786730351548764,0.0,0.0,11.7,2.0108786730351556
6067,0.422,0.06968158084149917,0.0003184191585008378,0.0,0.0,11.7,0.3523184191585008
6068,0.495,0.0,0.0,0.0,0.495,11.22975,0.0
6069,0.422,0.0,0.0,0.0,0.422,10.82885,0.0
6070,0.422,0.0,0.0,0.0,0.0,10.82885,0.422
6071,0.422,0.0,0.0,0.0,0.422,10.42795,0.0
6072,0.322,0.0,0.0,0.0,0.322,10.12205,0.0
6073,0.322,0.0,0.0,0.0,0.322,9.81615,0.0
6074,0.322,0.0,0.0,0.0,0.322,9.510250000000001,0.0
6075,0.322,0.0,0.0,0.0,0.322,9.204350000000002,0.0
6076,0.322,0.0,0.0,0.0,0.0,9.204350000000002,0.322
6077,0.322,0.0,0.0,0.0,0.09644988287958611,9.112722611264394,0.22555011712041392
6078,0.322,0.0,0.0,0.0,0.322,8.806822611264394,0.0
6079,0.322,0.06968158084149917,0.0003184191585008378,0.0,0.0,8.806822611264394,0.25231841915850084
6080,0.395,0.22994921677694724,0.0010507832230527703,0.0,0.16505078322305278,8.650024367202493,0.0
6081,0.322,0.4041531688806952,0.001846831119304837,0.0821531688806952,0.0,8.728069877639154,0.0
6082,0.322,0.6619750179942421,0.003024982005757959,0.3399750179942421,0.0,9.051046144733684,0.0
6083,0.322,1.0730963449590871,0.0049036550409129465,0.7510963449590873,0.0,9.764587672444817,0.0
6084,0.322,1.1567142419688863,0.005285758031113863,0.8347142419688862,0.0,10.55756620231526,0.0
6085,0.322,0.9964466060334379,0.004553393966561958,0.6744466060334379,0.0,11.198290478047024,0.0
6086,0.322,0.8501152862662898,0.0038847137337101323,0.5281152862662899,0.0,11.7,0.0
6087,0.995,0.5226118563112437,0.0023881436887562835,0.0,0.15941476411758723,11.548555974088293,0.31297337957116894
6088,0.422,0.47383474972219436,0.002165250277805675,0.05183474972219438,0.0,11.597798986324378,0.0
6089,0.422,0.5295800143953936,0.002419985604606434,0.10758001439539361,0.0,11.7,0.0
6090,2.422,0.2996307976184464,0.0013692023815535803,0.0,1.9328250233609605,9.863816227807087,0.18954417902059295
6091,0.422,0.0418089485048995,0.0001910514951004999,0.0,0.0,9.863816227807087,0.38019105149510046
6092,0.495,0.0,0.0,0.0,0.495,9.393566227807087,0.0
6093,0.422,0.0,0.0,0.0,0.422,8.992666227807087,0.0
6094,0.422,0.0,0.0,0.0,0.0,8.992666227807087,0.422
6095,0.422,0.0,0.0,0.0,0.422,8.591766227807087,0.0
6096,0.322,0.0,0.0,0.0,0.322,8.285866227807086,0.0
6097,0.322,0.0,0.0,0.0,0.0,8.285866227807086,0.322
6098,0.322,0.0,0.0,0.0,0.0,8.285866227807086,0.322
6099,0.322,0.0,0.0,0.0,0.322,7.979966227807087,0.0
6100,0.322,0.0,0.0,0.0,0.0,7.979966227807087,0.322
6101,0.322,0.0,0.0,0.0,0.0,7.979966227807087,0.322
6102,0.322,0.0,0.0,0.0,0.322,7.674066227807087,0.0
6103,0.322,0.034840790420749584,0.0001592095792504189,0.0,0.0,7.674066227807087,0.2871592095792504
6104,0.395,0.19510842635619766,0.0008915736438023514,0.0,0.19989157364380236,7.484169232845475,0.0
6105,0.322,0.4389939593014448,0.0020060406985552004,0.11699395930144474,0.0,7.595313494181847,0.0
6106,0.322,0.9755421317809885,0.004457868219011618,0.6535421317809885,0.0,8.216178519373786,0.0
6107,0.322,1.2403321389786852,0.0056678610213147795,0.9183321389786852,0.0,9.088594051403538,0.0
6108,0.322,0.5504844886478434,0.002515511352156663,0.2284844886478434,0.0,9.305654315618986,0.0
6109,0.322,0.49473922397464404,0.002260776025355904,0.17273922397464403,0.0,9.4697565783949,0.0
6110,0.322,0.4459621173855947,0.0020378826144052953,0.12396211738559466,0.0,9.587520589911213,0.0
6111,0.995,0.34840790420749584,0.001592095792504189,0.0,0.6465920957925041,8.973258098908337,0.0
6112,0.422,0.3275034299550461,0.0014965700449539043,0.0,0.0,8.973258098908337,0.09449657004495389
6113,0.422,0.24388553294524712,0.0011144670547529045,0.0,0.17811446705475287,8.804049355206322,0.0
6114,2.422,0.11149052934639868,0.0005094706536013238,0.0,2.3105094706536016,6.609065358085399,0.0
6115,0.422,0.006968158084149917,3.184191585008274e-5,0.0,0.0,6.609065358085399,0.4150318419158501
6116,0.495,0.0,0.0,0.0,0.495,6.138815358085399,0.0
6117,0.422,0.0,0.0,0.0,0.0,6.138815358085399,0.422
6118,0.422,0.0,0.0,0.0,0.422,5.737915358085399,0.0
6119,0.422,0.0,0.0,0.0,0.422,5.337015358085399,0.0
6120,0.322,0.0,0.0,0.0,0.322,5.0311153580853984,0.0
6121,0.322,0.0,0.0,0.0,0.322,4.725215358085399,0.0
6122,0.322,0.0,0.0,0.0,0.0,4.725215358085399,0.322
6123,0.322,0.0,0.0,0.0,0.322,4.419315358085399,0.0
6124,0.322,0.0,0.0,0.0,0.322,4.1134153580853985,0.0
6125,0.322,0.0,0.0,0.0,0.0,4.1134153580853985,0.322
6126,0.322,0.0,0.0,0.0,0.322,3.8075153580853978,0.0
6127,0.322,0.09755421317809883,0.0004457868219011757,0.0,0.0,3.8075153580853978,0.22444578682190117
6128,0.395,0.5574526467319934,0.0025473532680067024,0.1624526467319934,0.0,3.961845372480792,0.0
6129,0.322,1.1358097677164365,0.005190232283563523,0.8138097677164363,0.0,4.734964651811406,0.0
6130,0.322,1.7002305725325797,0.007769427467420265,1.3782305725325796,0.0,6.044283695717358,0.0
6131,0.322,1.6444853078593804,0.0075146921406195055,1.3224853078593803,0.0,7.300644738183768,0.0
6132,0.322,1.4981539880922319,0.006846011907768013,1.1761539880922318,0.0,8.417991026871388,0.0
6133,0.322,1.1845868743054861,0.0054131256945140205,0.8625868743054859,0.0,9.2374485574616,0.0
6134,0.322,0.6131979114051926,0.0028020885948073504,0.2911979114051927,0.0,9.514086573296533,0.0
6135,0.995,0.3205352718708962,0.0014647281291038095,0.0,0.6744647281291039,8.873345081573884,0.0
6136,0.422,0.3275034299550461,0.0014965700449539043,0.0,0.0,8.873345081573884,0.09449657004495389
6137,0.422,0.2578218491135469,0.001178150886453122,0.0,0.0,8.873345081573884,0.16417815088645307
6138,2.422,0.11845868743054859,0.0005413125694514187,0.0,0.0,8.873345081573884,2.3035413125694513
6139,0.422,0.0,0.0,0.0,0.0,8.873345081573884,0.422
6140,0.495,0.0,0.0,0.0,0.495,8.403095081573884,0.0
6141,0.422,0.0,0.0,0.0,0.0,8.403095081573884,0.422
6142,0.422,0.0,0.0,0.0,0.422,8.002195081573884,0.0
6143,0.422,0.0,0.0,0.0,0.0,8.002195081573884,0.422
6144,0.322,0.0,0.0,0.0,0.322,7.696295081573884,0.0
6145,0.322,0.0,0.0,0.0,0.322,7.3903950815738835,0.0
6146,0.322,0.0,0.0,0.0,0.0,7.3903950815738835,0.322
6147,0.322,0.0,0.0,0.0,0.0,7.3903950815738835,0.322
6148,0.322,0.0,0.0,0.0,0.322,7.084495081573883,0.0
6149,0.322,0.0,0.0,0.0,0.0,7.084495081573883,0.322
6150,0.322,0.0,0.0,0.0,0.0,7.084495081573883,0.322
6151,0.322,0.013936316168299835,6.368383170016548e-5,0.0,0.3080636838317002,6.791834581933768,0.0
6152,0.395,0.09755421317809883,0.0004457868219011757,0.0,0.2974457868219012,6.509261084452962,0.0
6153,0.322,0.34840790420749584,0.001592095792504189,0.02640790420749586,0.0,6.534348593450083,0.0
6154,0.322,0.5504844886478434,0.002515511352156663,0.22848448864784346,0.0,6.751408857665536,0.0
6155,0.322,0.919796867107789,0.004203132892211081,0.5977968671077889,0.0,7.319315881417935,0.0
6156,0.322,1.7838484695423789,0.008151530457621181,1.4618484695423788,0.0,8.708071927483193,0.0
6157,0.322,2.0347021605717757,0.009297839428224375,1.7127021605717756,0.0,10.33513898002638,0.0
6158,0.322,1.087032661127387,0.004967338872613025,0.765032661127387,0.0,11.061920008097397,0.0
6159,0.995,0.5713889629002933,0.002611037099706781,0.0,0.0,11.061920008097397,0.42361103709970677
6160,0.422,0.43202580121729484,0.001974198782705161,0.010025801217294844,0.0,11.071444519253829,0.0
6161,0.422,0.13936316168299834,0.0006368383170016756,0.0,0.28263683831700165,10.802939522852677,0.0
6162,2.422,0.0418089485048995,0.0001910514951004999,0.0,2.3801910514951006,8.541758023932333,0.0
6163,0.422,0.0,0.0,0.0,0.422,8.140858023932333,0.0
6164,0.495,0.0,0.0,0.0,0.0,8.140858023932333,0.495
6165,0.422,0.0,0.0,0.0,0.422,7.739958023932334,0.0
6166,0.422,0.0,0.0,0.0,0.0,7.739958023932334,0.422
6167,0.422,0.0,0.0,0.0,0.0,7.739958023932334,0.422
6168,0.322,0.0,0.0,0.0,0.0,7.739958023932334,0.322
6169,0.322,0.0,0.0,0.0,0.0,7.739958023932334,0.322
6170,0.322,0.0,0.0,0.0,0.0,7.739958023932334,0.322
6171,0.322,0.0,0.0,0.0,0.0,7.739958023932334,0.322
6172,0.322,0.0,0.0,0.0,0.0,7.739958023932334,0.322
6173,0.322,0.0,0.0,0.0,0.322,7.434058023932334,0.0
6174,0.322,0.0,0.0,0.0,0.0,7.434058023932334,0.322
6175,0.322,0.006968158084149917,3.184191585008274e-5,0.0,0.0,7.434058023932334,0.3150318419158501
6176,0.395,0.17420395210374792,0.0007960478962520945,0.0,0.0,7.434058023932334,0.2207960478962521
6177,0.322,0.4459621173855947,0.0020378826144052953,0.12396211738559466,0.0,7.551822035448647,0.0
6178,0.322,0.5365481724795436,0.0024518275204564732,0.2145481724795436,0.0,7.755642799304214,0.0
6179,0.322,0.7386247569198912,0.0033752430801088362,0.4166247569198912,0.0,8.15143631837811,0.0
6180,0.322,0.9337331832760888,0.004266816723911271,0.6117331832760888,0.0,8.732582842490395,0.0
6181,0.322,0.6480387018259423,0.0029612981740577693,0.32603870182594225,0.0,9.042319609225041,0.0
6182,0.322,0.5922934371527431,0.0027065628472570102,0.27029343715274295,0.0,9.299098374520145,0.0
6183,0.995,0.4598984335538945,0.0021015664461055406,0.0,0.5351015664461053,8.790751886396349,0.0
6184,0.422,0.34840790420749584,0.001592095792504189,0.0,0.0,8.790751886396349,0.07359209579250413
6185,0.422,0.22298105869279736,0.0010189413072026476,0.0,0.19901894130720263,8.601683892154503,0.0
6186,2.422,0.06968158084149917,0.0003184191585008378,0.0,2.352318419158501,6.366981393953927,0.0
6187,0.422,0.0,0.0,0.0,0.0,6.366981393953927,0.422
6188,0.495,0.0,0.0,0.0,0.0,6.366981393953927,0.495
6189,0.422,0.0,0.0,0.0,0.0,6.366981393953927,0.422
6190,0.422,0.0,0.0,0.0,0.0,6.366981393953927,0.422
6191,0.422,0.0,0.0,0.0,0.422,5.966081393953927,0.0
6192,0.322,0.0,0.0,0.0,0.0,5.966081393953927,0.322
6193,0.322,0.0,0.0,0.0,0.0,5.966081393953927,0.322
6194,0.322,0.0,0.0,0.0,0.322,5.660181393953927,0.0
6195,0.322,0.0,0.0,0.0,0.0,5.660181393953927,0.322
6196,0.322,0.0,0.0,0.0,0.322,5.354281393953927,0.0
6197,0.322,0.0,0.0,0.0,0.0,5.354281393953927,0.322
6198,0.322,0.0,0.0,0.0,0.0,5.354281393953927,0.322
6199,0.322,0.0,0.0,0.0,0.0,5.354281393953927,0.322
6200,0.395,0.1254268455146985,0.0005731544853015136,0.0,0.2695731544853015,5.098186897192891,0.0
6201,0.322,0.36234422037579567,0.0016557796242043232,0.040344220375795645,0.0,5.136513906549896,0.0
6202,0.322,0.6550068599100922,0.0029931400899078087,0.33300685991009216,0.0,5.452870423464485,0.0
6203,0.322,1.080064503043237,0.004935496956762986,0.7580645030432369,0.0,6.173031701355559,0.0
6204,0.322,1.2542684551469852,0.005731544853014858,0.932268455146985,0.0,7.058686733745195,0.0
6205,0.322,1.4424087234190324,0.006591276580967476,1.1204087234190323,0.0,8.123075020993278,0.0
6206,0.322,1.7002305725325797,0.007769427467420265,1.3782305725325796,0.0,9.432394064899226,0.0
6207,0.995,1.581771885102031,0.007228114897968929,0.586771885102031,0.0,9.989827355746158,0.0
6208,0.422,1.1567142419688863,0.005285758031113863,0.7347142419688864,0.0,10.6878058856166,0.0
6209,0.422,0.668943176078392,0.0030568239216079984,0.24694317607839206,0.0,10.922401902891071,0.0
6210,2.422,0.167235794019598,0.0007642059804019996,0.0,0.0,10.922401902891071,2.254764205980402
6211,0.422,0.0,0.0,0.0,0.422,10.521501902891071,0.0
6212,0.495,0.0,0.0,0.0,0.0,10.521501902891071,0.495
6213,0.422,0.0,0.0,0.0,0.422,10.120601902891071,0.0
6214,0.422,0.0,0.0,0.0,0.422,9.719701902891071,0.0
6215,0.422,0.0,0.0,0.0,0.0,9.719701902891071,0.422
6216,0.322,0.0,0.0,0.0,0.0,9.719701902891071,0.322
6217,0.322,0.0,0.0,0.0,0.0,9.719701902891071,0.322
6218,0.322,0.0,0.0,0.0,0.0,9.719701902891071,0.322
6219,0.322,0.0,0.0,0.0,0.322,9.41380190289107,0.0
6220,0.322,0.0,0.0,0.0,0.0,9.41380190289107,0.322
6221,0.322,0.0,0.0,0.0,0.0,9.41380190289107,0.322
6222,0.322,0.0,0.0,0.0,0.322,9.10790190289107,0.0
6223,0.322,0.02787263233659967,0.00012736766340033095,0.0,0.0,9.10790190289107,0.2941273676634003
6224,0.395,0.19510842635619766,0.0008915736438023514,0.0,0.0,9.10790190289107,0.19989157364380236
6225,0.322,0.3971850107965453,0.0018149892034547421,0.07518501079654526,0.0,9.17932766314779,0.0
6226,0.322,0.48777106589049424,0.002228934109505809,0.1657710658904942,0.0,9.336810175743759,0.0
6227,0.322,0.5504844886478434,0.002515511352156663,0.2284844886478434,0.0,9.553870439959208,0.0
6228,0.322,0.8013381796772404,0.0036618203227596346,0.47933817967724046,0.0,10.009241710652589,0.0
6229,0.322,0.7943700215930906,0.0036299784069094843,0.47237002159309055,0.0,10.457993231166023,0.0
6230,0.322,0.5713889629002933,0.002611037099706781,0.2493889629002932,0.0,10.694912745921304,0.0
6231,0.995,0.7664973892564908,0.0035026107435092158,0.0,0.0,10.694912745921304,0.22850261074350914
6232,0.422,0.501707382058794,0.0022926179412060543,0.07970738205879396,0.0,10.770634758877156,0.0
6233,0.422,0.3275034299550461,0.0014965700449539043,0.0,0.09449657004495389,10.680863017334449,0.0
6234,2.422,0.1254268455146985,0.0005731544853015136,0.0,0.0,10.680863017334449,2.2965731544853014
6235,0.422,0.0,0.0,0.0,0.0,10.680863017334449,0.422
6236,0.495,0.0,0.0,0.0,0.0,10.680863017334449,0.495
6237,0.422,0.0,0.0,0.0,0.0,10.680863017334449,0.422
6238,0.422,0.0,0.0,0.0,0.0,10.680863017334449,0.422
6239,0.422,0.0,0.0,0.0,0.0,10.680863017334449,0.422
6240,0.322,0.0,0.0,0.0,0.0,10.680863017334449,0.322
6241,0.322,0.0,0.0,0.0,0.0,10.680863017334449,0.322
6242,0.322,0.0,0.0,0.0,0.322,10.37496301733445,0.0
6243,0.322,0.0,0.0,0.0,0.0,10.37496301733445,0.322
6244,0.322,0.0,0.0,0.0,0.0,10.37496301733445,0.322
6245,0.322,0.0,0.0,0.0,0.0,10.37496301733445,0.322
6246,0.322,0.0,0.0,0.0,0.0,10.37496301733445,0.322
6247,0.322,0.006968158084149917,3.184191585008274e-5,0.0,0.3150318419158501,10.075682767514394,0.0
6248,0.395,0.09755421317809883,0.0004457868219011757,0.0,0.2974457868219012,9.793109270033586,0.0
6249,0.322,0.22994921677694724,0.0010507832230527703,0.0,0.09205078322305274,9.705661025971688,0.0
6250,0.322,0.3762805365440955,0.001719463455904513,0.054280536544095495,0.0,9.757227535688578,0.0
6251,0.322,0.5713889629002933,0.002611037099706781,0.2493889629002932,0.0,9.994147050443857,0.0
6252,0.322,0.6968158084149917,0.003184191585008378,0.37481580841499174,0.0,10.350222068438098,0.0
6253,0.322,0.752561073088191,0.003438926911809026,0.43056107308819097,0.0,10.759255087871882,0.0
6254,0.322,0.6341023856576424,0.0028976143423575795,0.3121023856576424,0.0,11.055752354246643,0.0
6255,0.995,0.6480387018259423,0.0029612981740577693,0.0,0.34696129817405774,10.726139120981287,0.0
6256,0.422,0.5922934371527431,0.0027065628472570102,0.170293437152743,0.0,10.887917886276394,0.0
6257,0.422,0.5086755401429439,0.0023244598570560937,0.08667554014294394,0.0,10.970259649412188,0.0
6258,2.422,0.2090447425244975,0.0009552574755024856,0.0,0.0,10.970259649412188,2.2129552574755027
6259,0.422,0.0,0.0,0.0,0.0,10.970259649412188,0.422
6260,0.495,0.0,0.0,0.0,0.0,10.970259649412188,0.495
6261,0.422,0.0,0.0,0.0,0.422,10.569359649412188,0.0
6262,0.422,0.0,0.0,0.0,0.422,10.168459649412188,0.0
6263,0.422,0.0,0.0,0.0,0.0,10.168459649412188,0.422
6264,0.322,0.0,0.0,0.0,0.322,9.862559649412187,0.0
6265,0.322,0.0,0.0,0.0,0.322,9.556659649412188,0.0
6266,0.322,0.0,0.0,0.0,0.0,9.556659649412188,0.322
6267,0.322,0.0,0.0,0.0,0.0,9.556659649412188,0.322
6268,0.322,0.0,0.0,0.0,0.322,9.250759649412188,0.0
6269,0.322,0.0,0.0,0.0,0.322,8.944859649412187,0.0
6270,0.322,0.0,0.0,0.0,0.0,8.944859649412187,0.322
6271,0.322,0.006968158084149917,3.184191585008274e-5,0.0,0.3150318419158501,8.64557939959213,0.0
6272,0.395,0.1254268455146985,0.0005731544853015136,0.0,0.2695731544853015,8.389484902831095,0.0
6273,0.322,0.22298105869279736,0.0010189413072026476,0.0,0.09901894130720268,8.295416908589251,0.0
6274,0.322,0.3205352718708962,0.0014647281291038095,0.0,0.0,8.295416908589251,0.0014647281291038335
6275,0.322,0.5644208048161433,0.0025791951838567417,0.2424208048161433,0.0,8.525716673164586,0.0
6276,0.322,0.6968158084149917,0.003184191585008378,0.37481580841499174,0.0,8.88179169115883,0.0
6277,0.322,0.6201660694893426,0.0028339305106573898,0.2981660694893426,0.0,9.165049457173705,0.0
6278,0.322,0.5435163305636935,0.0024836694363065126,0.22151633056369352,0.0,9.375489971209213,0.0
6279,0.995,0.34840790420749584,0.001592095792504189,0.0,0.0,9.375489971209213,0.6465920957925042
6280,0.422,0.29266263953429655,0.0013373604657034854,0.0,0.12933736046570346,9.252619478766794,0.0
6281,0.422,0.17420395210374792,0.0007960478962520945,0.0,0.0,9.252619478766794,0.24779604789625206
6282,2.422,0.02090447425244975,9.552574755024995e-5,0.0,0.0,9.252619478766794,2.4010955257475506
6283,0.422,0.0,0.0,0.0,0.422,8.851719478766794,0.0
6284,0.495,0.0,0.0,0.0,0.495,8.381469478766794,0.0
6285,0.422,0.0,0.0,0.0,0.422,7.980569478766794,0.0
6286,0.422,0.0,0.0,0.0,0.0,7.980569478766794,0.422
6287,0.422,0.0,0.0,0.0,0.0,7.980569478766794,0.422
6288,0.322,0.0,0.0,0.0,0.0,7.980569478766794,0.322
6289,0.322,0.0,0.0,0.0,0.0,7.980569478766794,0.322
6290,0.322,0.0,0.0,0.0,0.0,7.980569478766794,0.322
6291,0.322,0.0,0.0,0.0,0.0,7.980569478766794,0.322
6292,0.322,0.0,0.0,0.0,0.322,7.674669478766794,0.0
6293,0.322,0.0,0.0,0.0,0.0,7.674669478766794,0.322
6294,0.322,0.0,0.0,0.0,0.322,7.368769478766794,0.0
6295,0.322,0.0,0.0,0.0,0.0,7.368769478766794,0.322
6296,0.395,0.013936316168299835,6.368383170016548e-5,0.0,0.0,7.368769478766794,0.3810636838317002
6297,0.322,0.083617897009799,0.0003821029902009998,0.0,0.0,7.368769478766794,0.238382102990201
6298,0.322,0.22994921677694724,0.0010507832230527703,0.0,0.09205078322305274,7.281321234704894,0.0
6299,0.322,0.22994921677694724,0.0010507832230527703,0.0,0.0,7.281321234704894,0.09205078322305274
6300,0.322,0.1602676359354481,0.0007323640645519047,0.0,0.1617323640645519,7.12767548884357,0.0
6301,0.322,0.17420395210374792,0.0007960478962520945,0.0,0.0,7.12767548884357,0.1477960478962521
6302,0.322,0.15329947785129816,0.0007005221487018376,0.0,0.16870052214870185,6.9674099928023026,0.0
6303,0.995,0.11845868743054859,0.0005413125694514187,0.0,0.0,6.9674099928023026,0.8765413125694514
6304,0.422,0.06271342275734924,0.0002865772426507568,0.0,0.35928657724265073,6.626087744421786,0.0
6305,0.422,0.034840790420749584,0.0001592095792504189,0.0,0.0,6.626087744421786,0.3871592095792504
6306,2.422,0.0,0.0,0.0,2.422,4.325187744421785,0.0
6307,0.422,0.0,0.0,0.0,0.0,4.325187744421785,0.422
6308,0.495,0.0,0.0,0.0,0.0,4.325187744421785,0.495
6309,0.422,0.0,0.0,0.0,0.0,4.325187744421785,0.422
6310,0.422,0.0,0.0,0.0,0.0,4.325187744421785,0.422
6311,0.422,0.0,0.0,0.0,0.422,3.9242877444217847,0.0
6312,0.322,0.0,0.0,0.0,0.0,3.9242877444217847,0.322
6313,0.322,0.0,0.0,0.0,0.0,3.9242877444217847,0.322
6314,0.322,0.0,0.0,0.0,0.322,3.618387744421785,0.0
6315,0.322,0.0,0.0,0.0,0.322,3.3124877444217846,0.0
6316,0.322,0.0,0.0,0.0,0.0,3.3124877444217846,0.322
6317,0.322,0.0,0.0,0.0,0.0,3.3124877444217846,0.322
6318,0.322,0.0,0.0,0.0,0.322,3.006587744421785,0.0
6319,0.322,0.0,0.0,0.0,0.322,2.700687744421785,0.0
6320,0.395,0.07664973892564908,0.0003502610743509188,0.0,0.0,2.700687744421785,0.31835026107435094
6321,0.322,0.21601290060864742,0.0009870993913525805,0.0,0.10598709939135259,2.6,0.0
6322,0.322,0.35537606229164576,0.0016239377083542283,0.03337606229164572,0.0,2.631707259177063,0.0
6323,0.322,0.5226118563112437,0.0023881436887562835,0.20061185631124376,0.0,2.8222885226727445,0.0
6324,0.322,0.5992615952368928,0.0027384047631071606,0.2772615952368928,0.0,3.0856870381477925,0.0
6325,0.322,0.6968158084149917,0.003184191585008378,0.37481580841499174,0.0,3.4417620561420352,0.0
6326,0.322,0.759529231172341,0.0034707688276590654,0.4375292311723409,0.0,3.8574148257557592,0.0
6327,0.995,0.7664973892564908,0.0035026107435092158,0.0,0.03376062291645737,3.825342233985124,0.19474198782705177
6328,0.422,0.6201660694893426,0.0028339305106573898,0.19816606948934262,0.0,4.013599999999999,0.0
6329,0.422,0.418089485048995,0.0019105149510049713,0.0,0.0,4.013599999999999,0.0039105149510050025
6330,2.422,0.1323950035988484,0.0006049964011516085,0.0,0.0,4.013599999999999,2.2896049964011516
6331,0.422,0.0,0.0,0.0,0.0,4.013599999999999,0.422
6332,0.495,0.0,0.0,0.0,0.0,4.013599999999999,0.495
6333,0.422,0.0,0.0,0.0,0.422,3.6127,0.0
6334,0.422,0.0,0.0,0.0,0.422,3.2118,0.0
6335,0.422,0.0,0.0,0.0,0.0,3.2118,0.422
6336,0.322,0.0,0.0,0.0,0.322,2.9059,0.0
6337,0.322,0.0,0.0,0.0,0.0,2.9059,0.322
6338,0.322,0.0,0.0,0.0,0.0,2.9059,0.322
6339,0.322,0.0,0.0,0.0,0.322,2.6,0.0
6340,0.322,0.0,0.0,0.0,0.0,2.6,0.322
6341,0.322,0.0,0.0,0.0,0.0,2.6,0.322
6342,0.322,0.0,0.0,0.0,0.0,2.6,0.322
6343,0.322,0.0,0.0,0.0,0.0,2.6,0.322
6344,0.395,0.167235794019598,0.0007642059804019996,0.0,0.0,2.6,0.227764205980402
6345,0.322,0.5922934371527431,0.0027065628472570102,0.27029343715274295,0.0,2.8567787652951053,0.0
6346,0.322,1.2751729293994347,0.005827070600565198,0.9531729293994347,0.0,3.762293048224569,0.0
6347,0.322,0.322,1.6519999999999997,0.0,0.0,3.762293048224569,0.0
6348,0.322,0.322,2.373,0.0,0.0,3.762293048224569,0.0
6349,0.322,2.075567420004545,0.8924325799954551,1.753567420004545,0.0,5.428182097228887,0.0
6350,0.322,2.8987537630063653,0.013246236993634586,2.5767537630063653,0.0,7.876098172084933,0.0
6351,0.995,2.3413011162743724,0.010698883725627883,1.346301116274372,0.0,9.155084232545587,0.0
6352,0.422,0.422,1.286,0.0,0.0,9.155084232545587,0.0
6353,0.422,0.422,0.5230000000000001,0.0,0.0,9.155084232545587,0.0
6354,2.422,0.2787263233659967,0.0012736766340033512,0.0,2.1432736766340033,7.118974239743283,0.0
6355,0.422,0.0,0.0,0.0,0.422,6.718074239743283,0.0
6356,0.495,0.0,0.0,0.0,0.495,6.247824239743283,0.0
6357,0.422,0.0,0.0,0.0,0.422,5.846924239743283,0.0
6358,0.422,0.0,0.0,0.0,0.422,5.4460242397432825,0.0
6359,0.422,0.0,0.0,0.0,0.422,5.0451242397432825,0.0
6360,0.322,0.0,0.0,0.0,0.322,4.739224239743282,0.0
6361,0.322,0.0,0.0,0.0,0.322,4.433324239743282,0.0
6362,0.322,0.0,0.0,0.0,0.322,4.127424239743282,0.0
6363,0.322,0.0,0.0,0.0,0.322,3.821524239743282,0.0
6364,0.322,0.0,0.0,0.0,0.322,3.515624239743282,0.0
6365,0.322,0.0,0.0,0.0,0.322,3.209724239743282,0.0
6366,0.322,0.0,0.0,0.0,0.322,2.9038242397432823,0.0
6367,0.322,0.013936316168299835,6.368383170016548e-5,0.0,0.3080636838317002,2.611163740103167,0.0
6368,0.395,0.3832486946282454,0.0017513053717546079,0.0,0.011751305371754592,2.6,0.0
6369,0.322,0.322,0.8819999999999999,0.0,0.0,2.6,0.0
6370,0.322,0.322,2.303,0.0,0.0,2.6,0.0
6371,0.322,2.922,0.851,2.6,0.0,5.07,0.0
6372,0.322,2.2311617634988385,2.115838236501161,1.9091617634988385,0.0,6.883703675323897,0.0
6373,0.322,2.922,1.5719999999999996,2.6,0.0,9.353703675323896,0.0
6374,0.322,0.322,3.997,0.0,0.0,9.353703675323896,0.0
6375,0.995,0.995,2.813,0.0,0.0,9.353703675323896,0.0
6376,0.422,2.891785604922215,0.013214395077784769,2.469785604922215,0.0,11.7,0.0
6377,0.422,0.422,1.265,0.0,0.0,11.7,0.0
6378,2.422,0.47383474972219436,0.002165250277805675,0.0,1.9481652502778057,9.849243012236085,0.0
6379,0.422,0.0,0.0,0.0,0.422,9.448343012236085,0.0
6380,0.495,0.0,0.0,0.0,0.495,8.978093012236085,0.0
6381,0.422,0.0,0.0,0.0,0.422,8.577193012236085,0.0
6382,0.422,0.0,0.0,0.0,0.422,8.176293012236085,0.0
6383,0.422,0.0,0.0,0.0,0.422,7.775393012236085,0.0
6384,0.322,0.0,0.0,0.0,0.322,7.469493012236085,0.0
6385,0.322,0.0,0.0,0.0,0.322,7.163593012236085,0.0
6386,0.322,0.0,0.0,0.0,0.322,6.857693012236084,0.0
6387,0.322,0.0,0.0,0.0,0.322,6.551793012236084,0.0
6388,0.322,0.0,0.0,0.0,0.322,6.245893012236084,0.0
6389,0.322,0.0,0.0,0.0,0.322,5.939993012236084,0.0
6390,0.322,0.0,0.0,0.0,0.322,5.634093012236083,0.0
6391,0.322,0.006968158084149917,3.184191585008274e-5,0.0,0.3150318419158501,5.334812762416027,0.0
6392,0.395,0.35537606229164576,0.0016239377083542283,0.0,0.03962393770835429,5.2971700215930895,0.0
6393,0.322,0.9616058156126887,0.004394184387311428,0.6396058156126887,0.0,5.904795546425143,0.0
6394,0.322,1.5538992527654314,0.00710074723456855,1.2318992527654313,0.0,7.075099836552302,0.0
6395,0.322,0.322,1.7849999999999997,0.0,0.0,7.075099836552302,0.0
6396,0.322,0.322,2.359,0.0,0.0,7.075099836552302,0.0
6397,0.322,2.922,0.48,2.6,0.0,9.545099836552303,0.0
6398,0.322,0.322,3.6399999999999997,0.0,0.0,9.545099836552303,0.0
6399,0.995,0.995,2.9739999999999993,0.0,0.0,9.545099836552303,0.0
6400,0.422,0.422,2.602,0.0,0.0,9.545099836552303,0.0
6401,0.422,0.422,1.328,0.0,0.0,9.545099836552303,0.0
6402,2.422,0.47383474972219436,0.002165250277805675,0.0,1.9481652502778057,7.694342848788388,0.0
6403,0.422,0.0,0.0,0.0,0.422,7.293442848788388,0.0
6404,0.495,0.0,0.0,0.0,0.495,6.823192848788388,0.0
6405,0.422,0.0,0.0,0.0,0.422,6.422292848788388,0.0
6406,0.422,0.0,0.0,0.0,0.422,6.021392848788388,0.0
6407,0.422,0.0,0.0,0.0,0.422,5.620492848788388,0.0
6408,0.322,0.0,0.0,0.0,0.322,5.314592848788387,0.0
6409,0.322,0.0,0.0,0.0,0.322,5.008692848788387,0.0
6410,0.322,0.0,0.0,0.0,0.322,4.702792848788387,0.0
6411,0.322,0.0,0.0,0.0,0.322,4.3968928487883865,0.0
6412,0.322,0.0,0.0,0.0,0.322,4.090992848788386,0.0
6413,0.322,0.0,0.0,0.0,0.322,3.785092848788386,0.0
6414,0.322,0.0,0.0,0.0,0.322,3.479192848788386,0.0
6415,0.322,0.013936316168299835,6.368383170016548e-5,0.0,0.3080636838317002,3.1865323491482713,0.0
6416,0.395,0.395,0.44499999999999995,0.0,0.0,3.1865323491482713,0.0
6417,0.322,2.292524009685322,0.01047599031467783,1.970524009685322,0.0,5.058530158349327,0.0
6418,0.322,2.922,0.613,2.6,0.0,7.528530158349327,0.0
6419,0.322,0.322,4.053,0.0,0.0,7.528530158349327,0.0
6420,0.322,2.922,1.908,2.6,0.0,9.998530158349329,0.0
6421,0.322,0.322,4.592,0.0,0.0,9.998530158349329,0.0
6422,0.322,0.322,4.333,0.0,0.0,9.998530158349329,0.0
6423,0.995,0.995,3.0439999999999996,0.0,0.0,9.998530158349329,0.0
6424,0.422,0.422,2.637,0.0,0.0,9.998530158349329,0.0
6425,0.422,1.769912153374079,0.008087846625921102,1.347912153374079,0.0,11.279046704054702,0.0
6426,2.422,0.47383474972219436,0.002165250277805675,0.0,1.9481652502778057,9.428289716290788,0.0
6427,0.422,0.0,0.0,0.0,0.422,9.027389716290788,0.0
6428,0.495,0.0,0.0,0.0,0.495,8.557139716290788,0.0
6429,0.422,0.0,0.0,0.0,0.422,8.156239716290788,0.0
6430,0.422,0.0,0.0,0.0,0.422,7.755339716290785,0.0
6431,0.422,0.0,0.0,0.0,0.422,7.354439716290785,0.0
6432,0.322,0.0,0.0,0.0,0.322,7.048539716290785,0.0
6433,0.322,0.0,0.0,0.0,0.322,6.7426397162907845,0.0
6434,0.322,0.0,0.0,0.0,0.322,6.436739716290784,0.0
6435,0.322,0.0,0.0,0.0,0.322,6.130839716290784,0.0
6436,0.322,0.0,0.0,0.0,0.322,5.824939716290784,0.0
6437,0.322,0.0,0.0,0.0,0.322,5.519039716290783,0.0
6438,0.322,0.0,0.0,0.0,0.322,5.213139716290783,0.0
6439,0.322,0.006968158084149917,3.184191585008274e-5,0.0,0.3150318419158501,4.9138594664707265,0.0
6440,0.395,0.6898476503308419,0.0031523496691581165,0.2948476503308418,0.0,5.193964734285027,0.0
6441,0.322,0.322,1.883,0.0,0.0,5.193964734285027,0.0
6442,0.322,2.922,0.5219999999999998,2.6,0.0,7.663964734285026,0.0
6443,0.322,0.322,3.9829999999999997,0.0,0.0,7.663964734285026,0.0
6444,0.322,0.322,4.452,0.0,0.0,7.663964734285026,0.0
6445,0.322,1.970458174436815,2.901541825563185,1.648458174436815,0.0,9.23,0.0
6446,0.322,0.322,4.298,0.0,0.0,9.23,0.0
6447,0.995,3.595,0.41599999999999904,2.6,0.0,11.7,0.0
6448,0.422,0.422,2.609,0.0,0.0,11.7,0.0
6449,0.422,0.422,1.3070000000000002,0.0,0.0,11.7,0.0
6450,2.422,0.43202580121729484,0.001974198782705161,0.0,1.9899741987827053,9.809524511156429,0.0
6451,0.422,0.0,0.0,0.0,0.422,9.408624511156429,0.0
6452,0.495,0.0,0.0,0.0,0.495,8.938374511156429,0.0
6453,0.422,0.0,0.0,0.0,0.422,8.537474511156429,0.0
6454,0.422,0.0,0.0,0.0,0.422,8.136574511156429,0.0
6455,0.422,0.0,0.0,0.0,0.422,7.73567451115643,0.0
6456,0.322,0.0,0.0,0.0,0.322,7.429774511156429,0.0
6457,0.322,0.0,0.0,0.0,0.322,7.123874511156429,0.0
6458,0.322,0.0,0.0,0.0,0.322,6.817974511156429,0.0
6459,0.322,0.0,0.0,0.0,0.322,6.512074511156428,0.0
6460,0.322,0.0,0.0,0.0,0.322,6.206174511156428,0.0
6461,0.322,0.0,0.0,0.0,0.322,5.900274511156428,0.0
6462,0.322,0.0,0.0,0.0,0.322,5.594374511156428,0.0
6463,0.322,0.0,0.0,0.0,0.322,5.288474511156427,0.0
6464,0.395,0.39021685271239537,0.0017831472876046472,0.0,0.00478314728760467,5.283930521233203,0.0
6465,0.322,0.322,0.798,0.0,0.0,5.283930521233203,0.0
6466,0.322,0.322,1.617,0.0,0.0,5.283930521233203,0.0
6467,0.322,0.45816361185473464,2.2508363881452653,0.1361636118547346,0.0,5.413285952495201,0.0
6468,0.322,2.922,0.3819999999999997,2.6,0.0,7.883285952495202,0.0
6469,0.322,0.322,3.269,0.0,0.0,7.883285952495202,0.0
6470,0.322,2.922,0.6829999999999998,2.6,0.0,10.3532859524952,0.0
6471,0.995,0.995,1.9869999999999997,0.0,0.0,10.3532859524952,0.0
6472,0.422,1.839593734215578,0.008406265784422162,1.417593734215578,0.0,11.7,0.0
6473,0.422,0.422,0.194,0.0,0.0,11.7,0.0
6474,2.422,0.083617897009799,0.0003821029902009998,0.0,2.338382102990201,9.478537002159308,0.0
6475,0.422,0.0,0.0,0.0,0.422,9.077637002159308,0.0
6476,0.495,0.0,0.0,0.0,0.495,8.607387002159308,0.0
6477,0.422,0.0,0.0,0.0,0.422,8.206487002159308,0.0
6478,0.422,0.0,0.0,0.0,0.422,7.805587002159308,0.0
6479,0.422,0.0,0.0,0.0,0.422,7.404687002159308,0.0
6480,0.322,0.0,0.0,0.0,0.322,7.098787002159308,0.0
6481,0.322,0.0,0.0,0.0,0.322,6.792887002159308,0.0
6482,0.322,0.0,0.0,0.0,0.322,6.4869870021593075,0.0
6483,0.322,0.0,0.0,0.0,0.322,6.181087002159307,0.0
6484,0.322,0.0,0.0,0.0,0.322,5.875187002159307,0.0
6485,0.322,0.0,0.0,0.0,0.322,5.569287002159307,0.0
6486,0.322,0.0,0.0,0.0,0.322,5.263387002159306,0.0
6487,0.322,0.0,0.0,0.0,0.322,4.957487002159306,0.0
6488,0.395,0.083617897009799,0.0003821029902009998,0.0,0.311382102990201,4.661674004318616,0.0
6489,0.322,0.29266263953429655,0.0013373604657034854,0.0,0.02933736046570347,4.633803511876198,0.0
6490,0.322,0.7734655473406408,0.003534452659359255,0.45146554734064076,0.0,5.062695781849806,0.0
6491,0.322,2.417950855200021,0.011049144799978983,2.095950855200021,0.0,7.053849094289826,0.0
6492,0.322,0.322,3.745,0.0,0.0,7.053849094289826,0.0
6493,0.322,2.922,1.5580000000000003,2.6,0.0,9.523849094289824,0.0
6494,0.322,0.322,3.941,0.0,0.0,9.523849094289824,0.0
6495,0.995,1.3036706248737262,2.3083293751262737,0.30867062487372615,0.0,9.817086187919866,0.0
6496,0.422,2.4040145390317216,0.01098546096827846,1.9820145390317214,0.0,11.7,0.0
6497,0.422,0.422,0.677,0.0,0.0,11.7,0.0
6498,2.422,0.19510842635619766,0.0008915736438023514,0.0,0.0,11.7,2.2268915736438024
6499,0.422,0.0,0.0,0.0,0.01574362309324629,11.685043558061416,0.4062563769067537
6500,0.495,0.0,0.0,0.0,0.495,11.214793558061416,0.0
6501,0.422,0.0,0.0,0.0,0.0,11.214793558061416,0.422
6502,0.422,0.0,0.0,0.0,0.0,11.214793558061416,0.422
6503,0.422,0.0,0.0,0.0,0.0,11.214793558061416,0.422
6504,0.322,0.0,0.0,0.0,0.322,10.908893558061417,0.0
6505,0.322,0.0,0.0,0.0,0.322,10.602993558061417,0.0
6506,0.322,0.0,0.0,0.0,0.0,10.602993558061417,0.322
6507,0.322,0.0,0.0,0.0,0.322,10.297093558061416,0.0
6508,0.322,0.0,0.0,0.0,0.322,9.991193558061415,0.0
6509,0.322,0.0,0.0,0.0,0.322,9.685293558061415,0.0
6510,0.322,0.0,0.0,0.0,0.0,9.685293558061415,0.322
6511,0.322,0.0,0.0,0.0,0.0,9.685293558061415,0.322
6512,0.395,0.048777106589049414,0.00022289341095058784,0.0,0.3462228934109506,9.356381809321013,0.0
6513,0.322,0.15329947785129816,0.0007005221487018376,0.0,0.16870052214870185,9.196116313279745,0.0
6514,0.322,0.2090447425244975,0.0009552574755024856,0.0,0.11295525747550252,9.088808818678018,0.0
6515,0.322,0.2578218491135469,0.001178150886453122,0.0,0.06417815088645308,9.027839575335888,0.0
6516,0.322,0.35537606229164576,0.0016239377083542283,0.03337606229164572,0.0,9.05954683451295,0.0
6517,0.322,0.5156436982270938,0.002356301772906244,0.19364369822709385,0.0,9.24350834782869,0.0
6518,0.322,0.9616058156126887,0.004394184387311428,0.6396058156126887,0.0,9.851133872660744,0.0
6519,0.995,1.1706505581371862,0.005349441862813942,0.17565055813718614,0.0,10.018001902891072,0.0
6520,0.422,1.087032661127387,0.004967338872613025,0.6650326611273871,0.0,10.649782930962088,0.0
6521,0.422,0.7316565988357412,0.003343401164258797,0.3096565988357413,0.0,10.943956699856042,0.0
6522,2.422,0.1323950035988484,0.0006049964011516085,0.0,0.0,10.943956699856042,2.2896049964011516
6523,0.422,0.0,0.0,0.0,0.0,10.943956699856042,0.422
6524,0.495,0.0,0.0,0.0,0.495,10.473706699856042,0.0
6525,0.422,0.0,0.0,0.0,0.0,10.473706699856042,0.422
6526,0.422,0.0,0.0,0.0,0.422,10.072806699856041,0.0
6527,0.422,0.0,0.0,0.0,0.422,9.671906699856041,0.0
6528,0.322,0.0,0.0,0.0,0.322,9.366006699856042,0.0
6529,0.322,0.0,0.0,0.0,0.322,9.060106699856041,0.0
6530,0.322,0.0,0.0,0.0,0.0,9.060106699856041,0.322
6531,0.322,0.0,0.0,0.0,0.0,9.060106699856041,0.322
6532,0.322,0.0,0.0,0.0,0.322,8.75420669985604,0.0
6533,0.322,0.0,0.0,0.0,0.0,8.75420669985604,0.322
6534,0.322,0.0,0.0,0.0,0.0,8.75420669985604,0.322
6535,0.322,0.0,0.0,0.0,0.0,8.75420669985604,0.322
6536,0.395,0.034840790420749584,0.0001592095792504189,0.0,0.36015920957925035,8.412055450755753,0.0
6537,0.322,0.17420395210374792,0.0007960478962520945,0.0,0.1477960478962521,8.271649205254315,0.0
6538,0.322,0.3971850107965453,0.0018149892034547421,0.07518501079654526,0.0,8.343074965511033,0.0
6539,0.322,0.6968158084149917,0.003184191585008378,0.3748158084149917,0.0,8.699149983505272,0.0
6540,0.322,0.9476694994443887,0.00433050055561135,0.6256694994443888,0.0,9.293536007977444,0.0
6541,0.322,1.0452237126224875,0.004776287377512567,0.7232237126224874,0.0,9.980598534968806,0.0
6542,0.322,0.8222426539296902,0.0037573460703097528,0.5002426539296903,0.0,10.455829056202012,0.0
6543,0.995,0.6410705437417924,0.002929456258207619,0.0,0.35392945625820765,10.119596072756714,0.0
6544,0.422,0.47383474972219436,0.002165250277805675,0.05183474972219438,0.0,10.1688390849928,0.0
6545,0.422,0.23691737486109718,0.0010826251389028374,0.0,0.0,10.1688390849928,0.1850826251389028
6546,2.422,0.034840790420749584,0.0001592095792504189,0.0,2.3871592095792504,7.901037835892512,0.0
6547,0.422,0.0,0.0,0.0,0.0,7.901037835892512,0.422
6548,0.495,0.0,0.0,0.0,0.0,7.901037835892512,0.495
6549,0.422,0.0,0.0,0.0,0.0,7.901037835892512,0.422
6550,0.422,0.0,0.0,0.0,0.422,7.500137835892512,0.0
6551,0.422,0.0,0.0,0.0,0.0,7.500137835892512,0.422
6552,0.322,0.0,0.0,0.0,0.322,7.194237835892512,0.0
6553,0.322,0.0,0.0,0.0,0.322,6.888337835892512,0.0
6554,0.322,0.0,0.0,0.0,0.0,6.888337835892512,0.322
6555,0.322,0.0,0.0,0.0,0.322,6.582437835892512,0.0
6556,0.322,0.0,0.0,0.0,0.322,6.276537835892512,0.0
6557,0.322,0.0,0.0,0.0,0.322,5.970637835892512,0.0
6558,0.322,0.0,0.0,0.0,0.0,5.970637835892512,0.322
6559,0.322,0.0,0.0,0.0,0.322,5.664737835892512,0.0
6560,0.395,0.2090447425244975,0.0009552574755024856,0.0,0.1859552574755025,5.488080341290786,0.0
6561,0.322,0.7874018635089406,0.003598136491059445,0.4654018635089406,0.0,5.930212111624279,0.0
6562,0.322,1.2403321389786852,0.0056678610213147795,0.9183321389786852,0.0,6.802627643654029,0.0
6563,0.322,1.3796953006616839,0.006304699338316233,1.0576953006616838,0.0,7.807438179282628,0.0
6564,0.322,1.0173510802858878,0.004648919714112187,0.6953510802858878,0.0,8.468021705554222,0.0
6565,0.322,0.7943700215930906,0.0036299784069094843,0.47237002159309055,0.0,8.916773226067658,0.0
6566,0.322,0.48777106589049424,0.002228934109505809,0.1657710658904942,0.0,9.074255738663629,0.0
6567,0.995,0.24388553294524712,0.0011144670547529045,0.0,0.0,9.074255738663629,0.7511144670547529
6568,0.422,0.10452237126224875,0.0004776287377512428,0.0,0.3174776287377512,8.772651991362764,0.0
6569,0.422,0.02787263233659967,0.00012736766340033095,0.0,0.3941273676634003,8.398230992082535,0.0
6570,2.422,0.0,0.0,0.0,2.422,6.097330992082533,0.0
6571,0.422,0.0,0.0,0.0,0.422,5.696430992082533,0.0
6572,0.495,0.0,0.0,0.0,0.495,5.226180992082533,0.0
6573,0.422,0.0,0.0,0.0,0.422,4.825280992082533,0.0
6574,0.422,0.0,0.0,0.0,0.0,4.825280992082533,0.422
6575,0.422,0.0,0.0,0.0,0.0,4.825280992082533,0.422
6576,0.322,0.0,0.0,0.0,0.322,4.5193809920825325,0.0
6577,0.322,0.0,0.0,0.0,0.322,4.213480992082532,0.0
6578,0.322,0.0,0.0,0.0,0.0,4.213480992082532,0.322
6579,0.322,0.0,0.0,0.0,0.322,3.907580992082534,0.0
6580,0.322,0.0,0.0,0.0,0.322,3.601680992082534,0.0
6581,0.322,0.0,0.0,0.0,0.322,3.2957809920825336,0.0
6582,0.322,0.0,0.0,0.0,0.322,2.9898809920825338,0.0
6583,0.322,0.0,0.0,0.0,0.322,2.683980992082534,0.0
6584,0.395,0.3065989557025963,0.0014010442974036752,0.0,0.08840104429740368,2.6,0.0
6585,0.322,1.2333639808945351,0.00563601910546474,0.9113639808945351,0.0,3.465795781849808,0.0
6586,0.322,2.090447425244975,0.009552574755025134,1.7684474252449751,0.0,5.145820835832534,0.0
6587,0.322,2.922,0.12299999999999978,2.6,0.0,7.615820835832534,0.0
6588,0.322,0.322,3.101,0.0,0.0,7.615820835832534,0.0
6589,0.322,2.922,0.48,2.6,0.0,10.085820835832534,0.0
6590,0.322,0.9982888281013216,1.8577111718986783,0.6762888281013216,0.0,10.728295222528791,0.0
6591,0.995,1.7490076791216291,0.007992320878370984,0.7540076791216291,0.0,11.444602517694339,0.0
6592,0.422,0.422,0.453,0.0,0.0,11.444602517694339,0.0
6593,0.422,0.3065989557025963,0.0014010442974036752,0.0,0.11540104429740365,11.334971525611804,0.0
6594,2.422,0.02787263233659967,0.00012736766340033095,0.0,2.3941273676634003,9.060550526331575,0.0
6595,0.422,0.0,0.0,0.0,0.422,8.659650526331575,0.0
6596,0.495,0.0,0.0,0.0,0.495,8.189400526331575,0.0
6597,0.422,0.0,0.0,0.0,0.422,7.788500526331576,0.0
6598,0.422,0.0,0.0,0.0,0.422,7.387600526331576,0.0
6599,0.422,0.0,0.0,0.0,0.422,6.986700526331576,0.0
6600,0.322,0.0,0.0,0.0,0.322,6.680800526331575,0.0
6601,0.322,0.0,0.0,0.0,0.322,6.374900526331575,0.0
6602,0.322,0.0,0.0,0.0,0.322,6.069000526331575,0.0
6603,0.322,0.0,0.0,0.0,0.322,5.763100526331574,0.0
6604,0.322,0.0,0.0,0.0,0.322,5.457200526331574,0.0
6605,0.322,0.0,0.0,0.0,0.322,5.151300526331574,0.0
6606,0.322,0.0,0.0,0.0,0.322,4.845400526331574,0.0
6607,0.322,0.0,0.0,0.0,0.322,4.539500526331573,0.0
6608,0.395,0.02090447425244975,9.552574755024995e-5,0.0,0.37409552574755023,4.1841097768714,0.0
6609,0.322,0.167235794019598,0.0007642059804019996,0.0,0.154764205980402,4.037083781190018,0.0
6610,0.322,0.45293027546974457,0.0020697245302554457,0.1309302754697446,0.0,4.161467542886276,0.0
6611,0.322,0.322,0.9309999999999998,0.0,0.0,4.161467542886276,0.0
6612,0.322,1.951084263561977,0.008915736438023236,1.6290842635619769,0.0,5.709097593270154,0.0
6613,0.322,0.322,1.9249999999999998,0.0,0.0,5.709097593270154,0.0
6614,0.322,1.9719887378144263,0.009011262185573576,1.6499887378144262,0.0,7.2765868941938585,0.0
6615,0.995,1.8047529437948286,0.008247056205171521,0.8097529437948285,0.0,8.045852190798945,0.0
6616,0.422,1.4563450395873323,0.006654960412667554,1.0343450395873324,0.0,9.02847997840691,0.0
6617,0.422,0.7316565988357412,0.003343401164258797,0.3096565988357413,0.0,9.322653747300865,0.0
6618,2.422,0.10452237126224875,0.0004776287377512428,0.0,2.3174776287377514,7.12105,0.0
6619,0.422,0.0,0.0,0.0,0.422,6.72015,0.0
6620,0.495,0.0,0.0,0.0,0.495,6.2499,0.0
6621,0.422,0.0,0.0,0.0,0.422,5.849,0.0
6622,0.422,0.0,0.0,0.0,0.422,5.4481,0.0
6623,0.422,0.0,0.0,0.0,0.422,5.0472,0.0
6624,0.322,0.0,0.0,0.0,0.322,4.7413,0.0
6625,0.322,0.0,0.0,0.0,0.322,4.4354,0.0
6626,0.322,0.0,0.0,0.0,0.322,4.129499999999999,0.0
6627,0.322,0.0,0.0,0.0,0.322,3.8235999999999994,0.0
6628,0.322,0.0,0.0,0.0,0.322,3.5176999999999996,0.0
6629,0.322,0.0,0.0,0.0,0.322,3.2117999999999998,0.0
6630,0.322,0.0,0.0,0.0,0.322,2.9059,0.0
6631,0.322,0.0,0.0,0.0,0.322,2.6,0.0
6632,0.395,0.418089485048995,0.0019105149510049713,0.023089485048994968,0.0,2.6219350107965456,0.0
6633,0.322,1.951084263561977,0.008915736438023236,1.6290842635619769,0.0,4.169565061180424,0.0
6634,0.322,2.922,0.4029999999999996,2.6,0.0,6.6395650611804236,0.0
6635,0.322,0.322,3.9690000000000003,0.0,0.0,6.6395650611804236,0.0
6636,0.322,1.1750217051596112,3.6759782948403887,0.8530217051596112,0.0,7.449935681082055,0.0
6637,0.322,0.322,4.6899999999999995,0.0,0.0,7.449935681082055,0.0
6638,0.322,0.322,4.445,0.0,0.0,7.449935681082055,0.0
6639,0.995,3.595,0.5139999999999998,2.6,0.0,9.919935681082055,0.0
6640,0.422,0.422,2.609,0.0,0.0,9.919935681082055,0.0
6641,0.422,1.581771885102031,0.007228114897968929,1.159771885102031,0.0,11.021718971928985,0.0
6642,2.422,0.2020765844403476,0.0009234155596524185,0.0,2.2199234155596526,8.912791727147313,0.0
6643,0.422,0.0,0.0,0.0,0.422,8.511891727147313,0.0
6644,0.495,0.0,0.0,0.0,0.495,8.041641727147313,0.0
6645,0.422,0.0,0.0,0.0,0.422,7.640741727147315,0.0
6646,0.422,0.0,0.0,0.0,0.422,7.239841727147315,0.0
6647,0.422,0.0,0.0,0.0,0.422,6.838941727147315,0.0
6648,0.322,0.0,0.0,0.0,0.322,6.533041727147315,0.0
6649,0.322,0.0,0.0,0.0,0.322,6.227141727147314,0.0
6650,0.322,0.0,0.0,0.0,0.322,5.921241727147314,0.0
6651,0.322,0.0,0.0,0.0,0.322,5.615341727147314,0.0
6652,0.322,0.0,0.0,0.0,0.322,5.3094417271473136,0.0
6653,0.322,0.0,0.0,0.0,0.322,5.003541727147313,0.0
6654,0.322,0.0,0.0,0.0,0.322,4.697641727147313,0.0
6655,0.322,0.0,0.0,0.0,0.322,4.391741727147313,0.0
6656,0.395,0.4808029078063443,0.002197092193655714,0.08580290780634428,0.0,4.47325448956334,0.0
6657,0.322,0.322,1.722,0.0,0.0,4.47325448956334,0.0
6658,0.322,0.322,3.136,0.0,0.0,4.47325448956334,0.0
6659,0.322,0.322,4.081,0.0,0.0,4.47325448956334,0.0
6660,0.322,2.922,2.02,2.6,0.0,6.94325448956334,0.0
6661,0.322,0.322,4.753,0.0,0.0,6.94325448956334,0.0
6662,0.322,0.322,4.473,0.0,0.0,6.94325448956334,0.0
6663,0.995,0.995,3.135,0.0,0.0,6.94325448956334,0.0
6664,0.422,3.0220000000000002,0.022999999999999687,2.6,0.0,9.41325448956334,0.0
6665,0.422,0.422,1.1740000000000002,0.0,0.0,9.41325448956334,0.0
6666,2.422,0.167235794019598,0.0007642059804019996,0.0,2.254764205980402,7.271228493881958,0.0
6667,0.422,0.0,0.0,0.0,0.422,6.870328493881958,0.0
6668,0.495,0.0,0.0,0.0,0.495,6.400078493881958,0.0
6669,0.422,0.0,0.0,0.0,0.422,5.999178493881958,0.0
6670,0.422,0.0,0.0,0.0,0.422,5.598278493881958,0.0
6671,0.422,0.0,0.0,0.0,0.422,5.197378493881958,0.0
6672,0.322,0.0,0.0,0.0,0.322,4.891478493881958,0.0
6673,0.322,0.0,0.0,0.0,0.322,4.5855784938819575,0.0
6674,0.322,0.0,0.0,0.0,0.322,4.279678493881957,0.0
6675,0.322,0.0,0.0,0.0,0.322,3.9737784938819574,0.0
6676,0.322,0.0,0.0,0.0,0.322,3.6678784938819575,0.0
6677,0.322,0.0,0.0,0.0,0.322,3.3619784938819577,0.0
6678,0.322,0.0,0.0,0.0,0.322,3.056078493881958,0.0
6679,0.322,0.0,0.0,0.0,0.322,2.750178493881958,0.0
6680,0.395,0.23691737486109718,0.0010826251389028374,0.0,0.15808262513890284,2.6,0.0
6681,0.322,0.322,1.008,0.0,0.0,2.6,0.0
6682,0.322,0.4999725603596329,2.580027439640367,0.1779725603596329,0.0,2.769073932341651,0.0
6683,0.322,2.922,1.3129999999999993,2.6,0.0,5.23907393234165,0.0
6684,0.322,0.322,4.3260000000000005,0.0,0.0,5.23907393234165,0.0
6685,0.322,2.922,1.642,2.6,0.0,7.709073932341651,0.0
6686,0.322,0.322,3.976,0.0,0.0,7.709073932341651,0.0
6687,0.995,0.995,2.659,0.0,0.0,7.709073932341651,0.0
6688,0.422,2.3831100647792716,0.010889935220728564,1.9611100647792719,0.0,9.57212849388196,0.0
6689,0.422,0.422,0.558,0.0,0.0,9.57212849388196,0.0
6690,2.422,0.06271342275734924,0.0002865772426507568,0.0,2.3592865772426506,7.33080624550144,0.0
6691,0.422,0.0,0.0,0.0,0.422,6.92990624550144,0.0
6692,0.495,0.0,0.0,0.0,0.495,6.45965624550144,0.0
6693,0.422,0.0,0.0,0.0,0.422,6.05875624550144,0.0
6694,0.422,0.0,0.0,0.0,0.422,5.65785624550144,0.0
6695,0.422,0.0,0.0,0.0,0.422,5.25695624550144,0.0
6696,0.322,0.0,0.0,0.0,0.322,4.95105624550144,0.0
6697,0.322,0.0,0.0,0.0,0.322,4.64515624550144,0.0
6698,0.322,0.0,0.0,0.0,0.322,4.339256245501439,0.0
6699,0.322,0.0,0.0,0.0,0.322,4.033356245501439,0.0
6700,0.322,0.0,0.0,0.0,0.322,3.727456245501439,0.0
6701,0.322,0.0,0.0,0.0,0.322,3.421556245501439,0.0
6702,0.322,0.0,0.0,0.0,0.322,3.115656245501439,0.0
6703,0.322,0.0,0.0,0.0,0.322,2.8097562455014393,0.0
6704,0.395,0.17420395210374792,0.0007960478962520945,0.0,0.2207960478962521,2.6,0.0
6705,0.322,1.080064503043237,0.004935496956762986,0.758064503043237,0.0,3.320161277891075,0.0
6706,0.322,1.342882865377815,0.7641171346221847,1.020882865377815,0.0,4.289999999999999,0.0
6707,0.322,2.922,0.45899999999999963,2.6,0.0,6.76,0.0
6708,0.322,0.322,4.137,0.0,0.0,6.76,0.0
6709,0.322,0.322,4.48,0.0,0.0,6.76,0.0
6710,0.322,2.922,1.642,2.6,0.0,9.23,0.0
6711,0.995,3.595,0.29700000000000015,2.6,0.0,11.7,0.0
6712,0.422,0.422,2.28,0.0,0.0,11.7,0.0
6713,0.422,0.422,0.593,0.0,0.0,11.7,0.0
6714,2.422,0.0418089485048995,0.0001910514951004999,0.0,2.3801910514951006,9.438818501079654,0.0
6715,0.422,0.0,0.0,0.0,0.422,9.037918501079654,0.0
6716,0.495,0.0,0.0,0.0,0.495,8.567668501079654,0.0
6717,0.422,0.0,0.0,0.0,0.422,8.166768501079654,0.0
6718,0.422,0.0,0.0,0.0,0.422,7.7658685010796535,0.0
6719,0.422,0.0,0.0,0.0,0.422,7.3649685010796535,0.0
6720,0.322,0.0,0.0,0.0,0.322,7.059068501079653,0.0
6721,0.322,0.0,0.0,0.0,0.322,6.753168501079653,0.0
6722,0.322,0.0,0.0,0.0,0.322,6.447268501079653,0.0
6723,0.322,0.0,0.0,0.0,0.322,6.141368501079652,0.0
6724,0.322,0.0,0.0,0.0,0.322,5.835468501079652,0.0
6725,0.322,0.0,0.0,0.0,0.322,5.529568501079652,0.0
6726,0.322,0.0,0.0,0.0,0.322,5.2236685010796515,0.0
6727,0.322,0.0,0.0,0.0,0.322,4.917768501079651,0.0
6728,0.395,0.07664973892564908,0.0003502610743509188,0.0,0.31835026107435094,4.615335753059017,0.0
6729,0.322,0.322,0.2730000000000001,0.0,0.0,4.615335753059017,0.0
6730,0.322,0.322,1.253,0.0,0.0,4.615335753059017,0.0
6731,0.322,2.8360403402490157,0.01295965975098401,2.5140403402490157,0.0,7.003674076295582,0.0
6732,0.322,0.322,3.5700000000000003,0.0,0.0,7.003674076295582,0.0
6733,0.322,0.322,3.808,0.0,0.0,7.003674076295582,0.0
6734,0.322,1.9494822409460593,1.8725177590539408,1.6274822409460592,0.0,8.549782205194338,0.0
6735,0.995,0.995,1.8539999999999996,0.0,0.0,8.549782205194338,0.0
6736,0.422,1.6096445174386307,0.007355482561369309,1.1876445174386308,0.0,9.678044496761038,0.0
6737,0.422,0.422,0.201,0.0,0.0,9.678044496761038,0.0
6738,2.422,0.013936316168299835,6.368383170016548e-5,0.0,2.4080636838317004,7.390383997120923,0.0
6739,0.422,0.0,0.0,0.0,0.422,6.989483997120923,0.0
6740,0.495,0.0,0.0,0.0,0.495,6.5192339971209226,0.0
6741,0.422,0.0,0.0,0.0,0.422,6.1183339971209225,0.0
6742,0.422,0.0,0.0,0.0,0.422,5.7174339971209225,0.0
6743,0.422,0.0,0.0,0.0,0.422,5.3165339971209225,0.0
6744,0.322,0.0,0.0,0.0,0.322,5.010633997120922,0.0
6745,0.322,0.0,0.0,0.0,0.322,4.704733997120922,0.0
6746,0.322,0.0,0.0,0.0,0.322,4.398833997120922,0.0
6747,0.322,0.0,0.0,0.0,0.322,4.092933997120921,0.0
6748,0.322,0.0,0.0,0.0,0.322,3.787033997120921,0.0
6749,0.322,0.0,0.0,0.0,0.322,3.481133997120921,0.0
6750,0.322,0.0,0.0,0.0,0.322,3.1752339971209214,0.0
6751,0.322,0.0,0.0,0.0,0.322,2.8693339971209215,0.0
6752,0.395,0.11149052934639868,0.0005094706536013238,0.0,0.2835094706536013,2.6,0.0
6753,0.322,0.322,0.5740000000000001,0.0,0.0,2.6,0.0
6754,0.322,2.285555851601173,0.010444148398827124,1.9635558516011729,0.0,4.465378059021114,0.0
6755,0.322,2.922,0.33999999999999986,2.6,0.0,6.935378059021113,0.0
6756,0.322,2.3355603501616313,1.577439649838369,2.0135603501616313,0.0,8.848260391674662,0.0
6757,0.322,0.322,3.8009999999999993,0.0,0.0,8.848260391674662,0.0
6758,0.322,0.322,3.5700000000000003,0.0,0.0,8.848260391674662,0.0
6759,0.995,3.198384560624812,0.014615439375188277,2.2033845606248117,0.0,10.941475724268233,0.0
6760,0.422,0.422,1.6780000000000002,0.0,0.0,10.941475724268233,0.0
6761,0.422,0.8152744958455403,0.0037255041544597134,0.39327449584554036,0.0,11.315086495321498,0.0
6762,2.422,0.02787263233659967,0.00012736766340033095,0.0,2.3941273676634003,9.04066549604127,0.0
6763,0.422,0.0,0.0,0.0,0.422,8.639765496041269,0.0
6764,0.495,0.0,0.0,0.0,0.495,8.169515496041269,0.0
6765,0.422,0.0,0.0,0.0,0.422,7.768615496041269,0.0
6766,0.422,0.0,0.0,0.0,0.422,7.367715496041269,0.0
6767,0.422,0.0,0.0,0.0,0.422,6.966815496041269,0.0
6768,0.322,0.0,0.0,0.0,0.322,6.660915496041269,0.0
6769,0.322,0.0,0.0,0.0,0.322,6.355015496041268,0.0
6770,0.322,0.0,0.0,0.0,0.322,6.049115496041268,0.0
6771,0.322,0.0,0.0,0.0,0.322,5.743215496041268,0.0
6772,0.322,0.0,0.0,0.0,0.322,5.4373154960412675,0.0
6773,0.322,0.0,0.0,0.0,0.322,5.131415496041267,0.0
6774,0.322,0.0,0.0,0.0,0.322,4.825515496041267,0.0
6775,0.322,0.0,0.0,0.0,0.322,4.519615496041267,0.0
6776,0.395,0.15329947785129816,0.0007005221487018376,0.0,0.24170052214870186,4.289999999999999,0.0
6777,0.322,0.322,0.812,0.0,0.0,4.289999999999999,0.0
6778,0.322,0.322,2.45,0.0,0.0,4.289999999999999,0.0
6779,0.322,0.322,3.458,0.0,0.0,4.289999999999999,0.0
6780,0.322,2.922,1.355,2.6,0.0,6.76,0.0
6781,0.322,2.922,1.4249999999999994,2.6,0.0,9.23,0.0
6782,0.322,2.922,1.1379999999999995,2.6,0.0,11.7,0.0
6783,0.995,0.995,2.449,0.0,0.0,11.7,0.0
6784,0.422,0.422,1.993,0.0,0.0,11.7,0.0
6785,0.422,0.422,0.649,0.0,0.0,11.7,0.0
6786,2.422,0.02090447425244975,9.552574755024995e-5,0.0,2.4010955257475506,9.418959250539826,0.0
6787,0.422,0.0,0.0,0.0,0.422,9.018059250539826,0.0
6788,0.495,0.0,0.0,0.0,0.495,8.547809250539826,0.0
6789,0.422,0.0,0.0,0.0,0.422,8.146909250539826,0.0
6790,0.422,0.0,0.0,0.0,0.422,7.746009250539827,0.0
6791,0.422,0.0,0.0,0.0,0.422,7.345109250539827,0.0
6792,0.322,0.0,0.0,0.0,0.322,7.039209250539827,0.0
6793,0.322,0.0,0.0,0.0,0.322,6.733309250539826,0.0
6794,0.322,0.0,0.0,0.0,0.322,6.427409250539826,0.0
6795,0.322,0.0,0.0,0.0,0.322,6.121509250539826,0.0
6796,0.322,0.0,0.0,0.0,0.322,5.815609250539826,0.0
6797,0.322,0.0,0.0,0.0,0.322,5.509709250539825,0.0
6798,0.322,0.0,0.0,0.0,0.322,5.203809250539825,0.0
6799,0.322,0.0,0.0,0.0,0.322,4.897909250539825,0.0
6800,0.395,0.013936316168299835,6.368383170016548e-5,0.0,0.3810636838317002,4.535898750899709,0.0
6801,0.322,0.3065989557025963,0.0014010442974036752,0.0,0.01540104429740368,4.521267758817176,0.0
6802,0.322,0.7804337054247906,0.0035662945752094055,0.45843370542479067,0.0,4.956779778970727,0.0
6803,0.322,1.3936316168299834,0.006368383170016756,1.0716316168299833,0.0,5.974829814959211,0.0
6804,0.322,1.8953389988887774,0.0086610011112227,1.5733389988887774,0.0,7.469501863903549,0.0
6805,0.322,2.1670971641706243,0.009902835829375789,1.8450971641706242,0.0,9.222344169865641,0.0
6806,0.322,1.2392602630316212,1.084739736968379,0.9172602630316213,0.0,10.093741419745681,0.0
6807,0.995,1.9789568958985762,0.009043104101423616,0.9839568958985762,0.0,11.028500470849329,0.0
6808,0.422,1.1288416096322866,0.0051583903677134835,0.7068416096322867,0.0,11.7,0.0
6809,0.422,0.334471588039196,0.0015284119608039992,0.0,0.08752841196080396,11.616848008637236,0.0
6810,2.422,0.0,0.0,0.0,2.422,9.315948008637235,0.0
6811,0.422,0.0,0.0,0.0,0.422,8.915048008637235,0.0
6812,0.495,0.0,0.0,0.0,0.495,8.444798008637235,0.0
6813,0.422,0.0,0.0,0.0,0.422,8.043898008637235,0.0
6814,0.422,0.0,0.0,0.0,0.422,7.642998008637236,0.0
6815,0.422,0.0,0.0,0.0,0.422,7.242098008637236,0.0
6816,0.322,0.0,0.0,0.0,0.322,6.936198008637236,0.0
6817,0.322,0.0,0.0,0.0,0.322,6.630298008637236,0.0
6818,0.322,0.0,0.0,0.0,0.322,6.324398008637235,0.0
6819,0.322,0.0,0.0,0.0,0.322,6.018498008637235,0.0
6820,0.322,0.0,0.0,0.0,0.0,6.018498008637235,0.322
6821,0.322,0.0,0.0,0.0,0.0,6.018498008637235,0.322
6822,0.322,0.0,0.0,0.0,0.322,5.712598008637235,0.0
6823,0.322,0.0,0.0,0.0,0.322,5.4066980086372345,0.0
6824,0.395,0.02090447425244975,9.552574755024995e-5,0.0,0.07050782907365144,5.339715571017268,0.3035876966738988
6825,0.322,0.3065989557025963,0.0014010442974036752,0.0,0.0,5.339715571017268,0.01540104429740368
6826,0.322,0.6968158084149917,0.003184191585008378,0.37481580841499174,0.0,5.695790589011511,0.0
6827,0.322,1.2054913485579353,0.005508651442064583,0.8834913485579354,0.0,6.53510737014155,0.0
6828,0.322,1.5120903042605318,0.006909695739468091,1.1900903042605318,0.0,7.665693159189055,0.0
6829,0.322,1.937147947393677,0.008852052606323157,1.615147947393677,0.0,9.200083709213049,0.0
6830,0.322,1.2821410874835848,0.005858912516415238,0.9601410874835846,0.0,10.112217742322454,0.0
6831,0.995,1.0103829222017378,0.004617077798262148,0.015382922201737823,0.0,10.126831518414104,0.0
6832,0.422,0.9616058156126887,0.004394184387311428,0.5396058156126886,0.0,10.639457043246159,0.0
6833,0.422,0.4250576431331449,0.0019423568668550661,0.003057643133144921,0.0,10.642361804222645,0.0
6834,2.422,0.0,0.0,0.0,2.422,8.341461804222645,0.0
6835,0.422,0.0,0.0,0.0,0.422,7.940561804222646,0.0
6836,0.495,0.0,0.0,0.0,0.495,7.4703118042226455,0.0
6837,0.422,0.0,0.0,0.0,0.422,7.0694118042226455,0.0
6838,0.422,0.0,0.0,0.0,0.422,6.6685118042226454,0.0
6839,0.422,0.0,0.0,0.0,0.422,6.267611804222645,0.0
6840,0.322,0.0,0.0,0.0,0.322,5.961711804222645,0.0
6841,0.322,0.0,0.0,0.0,0.322,5.655811804222646,0.0
6842,0.322,0.0,0.0,0.0,0.322,5.349911804222646,0.0
6843,0.322,0.0,0.0,0.0,0.322,5.044011804222646,0.0
6844,0.322,0.0,0.0,0.0,0.322,4.738111804222646,0.0
6845,0.322,0.0,0.0,0.0,0.322,4.432211804222646,0.0
6846,0.322,0.0,0.0,0.0,0.0,4.432211804222646,0.322
6847,0.322,0.0,0.0,0.0,0.322,4.126311804222646,0.0
6848,0.395,0.0,0.0,0.0,0.395,3.7510618042226467,0.0
6849,0.322,0.13936316168299834,0.0006368383170016756,0.0,0.0,3.7510618042226467,0.18263683831700167
6850,0.322,0.49473922397464404,0.002260776025355904,0.17273922397464403,0.0,3.915164066998559,0.0
6851,0.322,0.9476694994443887,0.00433050055561135,0.6256694994443888,0.0,4.509550091470727,0.0
6852,0.322,1.2403321389786852,0.0056678610213147795,0.9183321389786852,0.0,5.381965623500478,0.0
6853,0.322,1.4772495138397823,0.0067504861602176724,1.1552495138397822,0.0,6.479452661648272,0.0
6854,0.322,1.3239500359884842,0.006049964011515918,1.001950035988484,0.0,7.431305195837331,0.0
6855,0.995,1.1079371353798366,0.005062864620163365,0.11293713537983674,0.0,7.538595474448177,0.0
6856,0.422,0.6968158084149917,0.003184191585008378,0.2748158084149917,0.0,7.799670492442418,0.0
6857,0.422,0.21601290060864742,0.0009870993913525805,0.0,0.20598709939135257,7.603982748020634,0.0
6858,2.422,0.0,0.0,0.0,2.422,5.303082748020634,0.0
6859,0.422,0.0,0.0,0.0,0.0,5.303082748020634,0.422
6860,0.495,0.0,0.0,0.0,0.495,4.832832748020634,0.0
6861,0.422,0.0,0.0,0.0,0.0,4.832832748020634,0.422
6862,0.422,0.0,0.0,0.0,0.0,4.832832748020634,0.422
6863,0.422,0.0,0.0,0.0,0.422,4.431932748020634,0.0
6864,0.322,0.0,0.0,0.0,0.322,4.126032748020634,0.0
6865,0.322,0.0,0.0,0.0,0.0,4.126032748020634,0.322
6866,0.322,0.0,0.0,0.0,0.0,4.126032748020634,0.322
6867,0.322,0.0,0.0,0.0,0.0,4.126032748020634,0.322
6868,0.322,0.0,0.0,0.0,0.322,3.820132748020634,0.0
6869,0.322,0.0,0.0,0.0,0.322,3.5142327480206337,0.0
6870,0.322,0.0,0.0,0.0,0.322,3.208332748020634,0.0
6871,0.322,0.0,0.0,0.0,0.322,2.9024327480206336,0.0
6872,0.395,0.07664973892564908,0.0003502610743509188,0.0,0.31835026107435094,2.6,0.0
6873,0.322,1.1845868743054861,0.0054131256945140205,0.8625868743054859,0.0,3.4194575305902117,0.0
6874,0.322,0.322,2.408,0.0,0.0,3.4194575305902117,0.0
6875,0.322,1.8928882967976557,1.8941117032023447,1.5708882967976556,0.0,4.911801412547985,0.0
6876,0.322,0.322,4.053,0.0,0.0,4.911801412547985,0.0
6877,0.322,2.922,1.6279999999999997,2.6,0.0,7.3818014125479845,0.0
6878,0.322,0.322,3.9690000000000003,0.0,0.0,7.3818014125479845,0.0
6879,0.995,0.995,2.568,0.0,0.0,7.3818014125479845,0.0
6880,0.422,2.390078222863422,0.010921777136578381,1.9680782228634217,0.0,9.251475724268234,0.0
6881,0.422,0.9546376575285387,0.004362342471461389,0.5326376575285388,0.0,9.757481498920345,0.0
6882,2.422,0.0,0.0,0.0,2.422,7.456581498920347,0.0
6883,0.422,0.0,0.0,0.0,0.422,7.055681498920347,0.0
6884,0.495,0.0,0.0,0.0,0.495,6.585431498920347,0.0
6885,0.422,0.0,0.0,0.0,0.422,6.184531498920347,0.0
6886,0.422,0.0,0.0,0.0,0.422,5.783631498920347,0.0
6887,0.422,0.0,0.0,0.0,0.422,5.3827314989203465,0.0
6888,0.322,0.0,0.0,0.0,0.322,5.076831498920346,0.0
6889,0.322,0.0,0.0,0.0,0.322,4.770931498920346,0.0
6890,0.322,0.0,0.0,0.0,0.322,4.465031498920346,0.0
6891,0.322,0.0,0.0,0.0,0.322,4.159131498920345,0.0
6892,0.322,0.0,0.0,0.0,0.322,3.853231498920345,0.0
6893,0.322,0.0,0.0,0.0,0.322,3.5473314989203453,0.0
6894,0.322,0.0,0.0,0.0,0.322,3.2414314989203454,0.0
6895,0.322,0.0,0.0,0.0,0.322,2.9355314989203456,0.0
6896,0.395,0.0418089485048995,0.0001910514951004999,0.0,0.3531910514951005,2.6,0.0
6897,0.322,0.322,0.7489999999999999,0.0,0.0,2.6,0.0
6898,0.322,0.322,2.2329999999999997,0.0,0.0,2.6,0.0
6899,0.322,2.922,0.851,2.6,0.0,5.07,0.0
6900,0.322,1.6937365564072124,2.681263443592788,1.3717365564072124,0.0,6.373149728586852,0.0
6901,0.322,2.922,1.6069999999999998,2.6,0.0,8.843149728586852,0.0
6902,0.322,2.922,1.3269999999999995,2.6,0.0,11.313149728586852,0.0
6903,0.995,0.995,2.561,0.0,0.0,11.313149728586852,0.0
6904,0.422,0.422,1.8880000000000001,0.0,0.0,11.313149728586852,0.0
6905,0.422,0.8292108120138401,0.003789187986159903,0.4072108120138401,0.0,11.7,0.0
6906,2.422,0.0,0.0,0.0,2.422,9.399099999999999,0.0
6907,0.422,0.0,0.0,0.0,0.422,8.998199999999999,0.0
6908,0.495,0.0,0.0,0.0,0.495,8.527949999999999,0.0
6909,0.422,0.0,0.0,0.0,0.422,8.127049999999999,0.0
6910,0.422,0.0,0.0,0.0,0.422,7.72615,0.0
6911,0.422,0.0,0.0,0.0,0.422,7.32525,0.0
6912,0.322,0.0,0.0,0.0,0.322,7.019349999999999,0.0
6913,0.322,0.0,0.0,0.0,0.322,6.713449999999999,0.0
6914,0.322,0.0,0.0,0.0,0.322,6.407549999999999,0.0
6915,0.322,0.0,0.0,0.0,0.322,6.1016499999999985,0.0
6916,0.322,0.0,0.0,0.0,0.322,5.795749999999998,0.0
6917,0.322,0.0,0.0,0.0,0.322,5.489849999999998,0.0
6918,0.322,0.0,0.0,0.0,0.322,5.183949999999998,0.0
6919,0.322,0.0,0.0,0.0,0.322,4.878049999999997,0.0
6920,0.395,0.0,0.0,0.0,0.395,4.502799999999997,0.0
6921,0.322,0.6968158084149917,0.003184191585008378,0.3748158084149917,0.0,4.858875017994238,0.0
6922,0.322,2.153160848002324,0.00983915199767571,1.831160848002324,0.0,6.598477823596446,0.0
6923,0.322,0.322,2.786,0.0,0.0,6.598477823596446,0.0
6924,0.322,1.2943653162566953,1.9746346837433049,0.9723653162566951,0.0,7.522224874040307,0.0
6925,0.322,2.51550506837812,0.011494931621879978,2.19350506837812,0.0,9.60605468899952,0.0
6926,0.322,1.5608674108495812,0.007132589150418811,1.2388674108495812,0.0,10.782978729306622,0.0
6927,0.995,0.6131979114051926,0.0028020885948073504,0.0,0.3818020885948073,10.420266745141557,0.0
6928,0.422,0.17420395210374792,0.0007960478962520945,0.0,0.24779604789625206,10.184860499640116,0.0
6929,0.422,0.013936316168299835,6.368383170016548e-5,0.0,0.40806368383170016,9.797200000000002,0.0
6930,2.422,0.0,0.0,0.0,2.422,7.496300000000001,0.0
6931,0.422,0.0,0.0,0.0,0.422,7.095400000000001,0.0
6932,0.495,0.0,0.0,0.0,0.495,6.6251500000000005,0.0
6933,0.422,0.0,0.0,0.0,0.422,6.2242500000000005,0.0
6934,0.422,0.0,0.0,0.0,0.422,5.8233500000000005,0.0
6935,0.422,0.0,0.0,0.0,0.422,5.42245,0.0
6936,0.322,0.0,0.0,0.0,0.322,5.11655,0.0
6937,0.322,0.0,0.0,0.0,0.322,4.81065,0.0
6938,0.322,0.0,0.0,0.0,0.322,4.50475,0.0
6939,0.322,0.0,0.0,0.0,0.322,4.198849999999999,0.0
6940,0.322,0.0,0.0,0.0,0.322,3.8929499999999995,0.0
6941,0.322,0.0,0.0,0.0,0.322,3.5870499999999996,0.0
6942,0.322,0.0,0.0,0.0,0.322,3.28115,0.0
6943,0.322,0.0,0.0,0.0,0.322,2.97525,0.0
6944,0.395,0.0,0.0,0.0,0.395,2.6,0.0
6945,0.322,0.5763854761213246,0.06761452387867539,0.2543854761213246,0.0,2.841666202315258,0.0
6946,0.322,1.8465618922997278,0.008438107700272202,1.5245618922997277,0.0,4.29,0.0
6947,0.322,0.322,2.6109999999999998,0.0,0.0,4.29,0.0
6948,0.322,2.922,0.8160000000000003,2.6,0.0,6.76,0.0
6949,0.322,2.922,1.0679999999999996,2.6,0.0,9.229999999999999,0.0
6950,0.322,2.922,0.7810000000000001,2.6,0.0,11.7,0.0
6951,0.995,0.995,2.029,0.0,0.0,11.7,0.0
6952,0.422,0.422,1.321,0.0,0.0,11.7,0.0
6953,0.422,0.3762805365440955,0.001719463455904513,0.0,0.04571946345590448,11.656566509716889,0.0
6954,2.422,0.0,0.0,0.0,2.422,9.355666509716889,0.0
6955,0.422,0.0,0.0,0.0,0.422,8.954766509716888,0.0
6956,0.495,0.0,0.0,0.0,0.495,8.484516509716888,0.0
6957,0.422,0.0,0.0,0.0,0.422,8.083616509716888,0.0
6958,0.422,0.0,0.0,0.0,0.422,7.682716509716892,0.0
6959,0.422,0.0,0.0,0.0,0.422,7.281816509716892,0.0
6960,0.322,0.0,0.0,0.0,0.322,6.975916509716892,0.0
6961,0.322,0.0,0.0,0.0,0.322,6.670016509716891,0.0
6962,0.322,0.0,0.0,0.0,0.322,6.364116509716891,0.0
6963,0.322,0.0,0.0,0.0,0.322,6.058216509716891,0.0
6964,0.322,0.0,0.0,0.0,0.322,5.7523165097168905,0.0
6965,0.322,0.0,0.0,0.0,0.322,5.44641650971689,0.0
6966,0.322,0.0,0.0,0.0,0.322,5.14051650971689,0.0
6967,0.322,0.0,0.0,0.0,0.322,4.83461650971689,0.0
6968,0.395,0.0,0.0,0.0,0.395,4.459366509716889,0.0
6969,0.322,0.167235794019598,0.0007642059804019996,0.0,0.154764205980402,4.3123405140355064,0.0
6970,0.322,0.7734655473406408,0.003534452659359255,0.45146554734064076,0.0,4.741232784009115,0.0
6971,0.322,0.3612723444287287,1.2557276555712713,0.03927234442872864,0.0,4.778541511216407,0.0
6972,0.322,2.174065322254774,0.00993467774522605,1.852065322254774,0.0,6.538003567358442,0.0
6973,0.322,2.7593906013233673,0.01260939867663291,2.4373906013233673,0.0,8.85352463861564,0.0
6974,0.322,2.424919013284171,0.0110809867158288,2.102919013284171,0.0,10.851297701235604,0.0
6975,0.995,1.8883708408046276,0.00862915919537266,0.8933708408046276,0.0,11.7,0.0
6976,0.422,0.422,0.579,0.0,0.0,11.7,0.0
6977,0.422,0.3135671137867463,0.0014328862132537146,0.0,0.10843288621325374,11.596988758097408,0.0
6978,2.422,0.0,0.0,0.0,2.1216355029548475,9.581435030290304,0.30036449704515267
6979,0.422,0.0,0.0,0.0,0.422,9.180535030290304,0.0
6980,0.495,0.0,0.0,0.0,0.495,8.710285030290304,0.0
6981,0.422,0.0,0.0,0.0,0.422,8.309385030290304,0.0
6982,0.422,0.0,0.0,0.0,0.422,7.908485030290303,0.0
6983,0.422,0.0,0.0,0.0,0.422,7.507585030290303,0.0
6984,0.322,0.0,0.0,0.0,0.322,7.201685030290303,0.0
6985,0.322,0.0,0.0,0.0,0.322,6.895785030290303,0.0
6986,0.322,0.0,0.0,0.0,0.322,6.5898850302903025,0.0
6987,0.322,0.0,0.0,0.0,0.322,6.283985030290302,0.0
6988,0.322,0.0,0.0,0.0,0.0,6.283985030290302,0.322
6989,0.322,0.0,0.0,0.0,0.322,5.978085030290303,0.0
6990,0.322,0.0,0.0,0.0,0.322,5.672185030290303,0.0
6991,0.322,0.0,0.0,0.0,0.322,5.366285030290303,0.0
6992,0.395,0.0,0.0,0.0,0.395,4.991035030290303,0.0
6993,0.322,0.17420395210374792,0.0007960478962520945,0.0,0.1477960478962521,4.8506287847888645,0.0
6994,0.322,0.6201660694893426,0.0028339305106573898,0.2981660694893426,0.0,5.133886550803739,0.0
6995,0.322,1.0382555545383374,0.0047444454616625276,0.7162555545383374,0.0,5.814329327615161,0.0
6996,0.322,1.3657589844933837,0.006241015506616376,1.0437589844933837,0.0,6.805900362883874,0.0
6997,0.322,1.6235808336069306,0.007419166393069387,1.3015808336069306,0.0,8.04240215481046,0.0
6998,0.322,1.581771885102031,0.007228114897968929,1.259771885102031,0.0,9.239185445657387,0.0
6999,0.995,1.2682047713152849,0.005795228684715159,0.2732047713152848,0.0,9.498729978406908,0.0
7000,0.422,0.7037839664991417,0.0032160335008584173,0.28178396649914167,0.0,9.766424746581094,0.0
7001,0.422,0.1323950035988484,0.0006049964011516085,0.0,0.28960499640115156,9.491299999999999,0.0
7002,2.422,0.0,0.0,0.0,2.422,7.1903999999999995,0.0
7003,0.422,0.0,0.0,0.0,0.422,6.789499999999999,0.0
7004,0.495,0.0,0.0,0.0,0.495,6.31925,0.0
7005,0.422,0.0,0.0,0.0,0.422,5.91835,0.0
7006,0.422,0.0,0.0,0.0,0.422,5.51745,0.0
7007,0.422,0.0,0.0,0.0,0.422,5.11655,0.0
7008,0.322,0.0,0.0,0.0,0.322,4.81065,0.0
7009,0.322,0.0,0.0,0.0,0.322,4.50475,0.0
7010,0.322,0.0,0.0,0.0,0.322,4.19885,0.0
7011,0.322,0.0,0.0,0.0,0.0,4.19885,0.322
7012,0.322,0.0,0.0,0.0,0.322,3.8929500000000004,0.0
7013,0.322,0.0,0.0,0.0,0.322,3.58705,0.0
7014,0.322,0.0,0.0,0.0,0.322,3.28115,0.0
7015,0.322,0.0,0.0,0.0,0.322,2.97525,0.0
7016,0.395,0.0,0.0,0.0,0.395,2.6,0.0
7017,0.322,0.322,0.294,0.0,0.0,2.6,0.0
7018,0.322,2.0347021605717757,0.009297839428224375,1.7127021605717756,0.0,4.227067052543187,0.0
7019,0.322,2.922,0.3330000000000002,2.6,0.0,6.697067052543186,0.0
7020,0.322,0.322,3.612,0.0,0.0,6.697067052543186,0.0
7021,0.322,0.322,3.745,0.0,0.0,6.697067052543186,0.0
7022,0.322,1.7900053177719952,1.989994682228005,1.4680053177719952,0.0,8.091672104426582,0.0
7023,0.995,3.107798505530863,0.0142014944691371,2.1127985055308627,0.0,10.098830684680902,0.0
7024,0.422,1.9928932120668759,0.009106787933123917,1.570893212066876,0.0,11.591179236144434,0.0
7025,0.422,0.5365481724795436,0.0024518275204564732,0.11454817247954356,0.0,11.7,0.0
7026,2.422,0.0,0.0,0.0,0.0,11.7,2.422
7027,0.422,0.0,0.0,0.0,0.422,11.2991,0.0
7028,0.495,0.0,0.0,0.0,0.0,11.2991,0.495
7029,0.422,0.0,0.0,0.0,0.0,11.2991,0.422
7030,0.422,0.0,0.0,0.0,0.0,11.2991,0.422
7031,0.422,0.0,0.0,0.0,0.0,11.2991,0.422
7032,0.322,0.0,0.0,0.0,0.0,11.2991,0.322
7033,0.322,0.0,0.0,0.0,0.0,11.2991,0.322
7034,0.322,0.0,0.0,0.0,0.322,10.9932,0.0
7035,0.322,0.0,0.0,0.0,0.0,10.9932,0.322
7036,0.322,0.0,0.0,0.0,0.0,10.9932,0.322
7037,0.322,0.0,0.0,0.0,0.322,10.6873,0.0
7038,0.322,0.0,0.0,0.0,0.322,10.381400000000001,0.0
7039,0.322,0.0,0.0,0.0,0.0,10.381400000000001,0.322
7040,0.395,0.0,0.0,0.0,0.0,10.381400000000001,0.395
7041,0.322,0.006968158084149917,3.184191585008274e-5,0.0,0.0,10.381400000000001,0.3150318419158501
7042,0.322,0.1602676359354481,0.0007323640645519047,0.0,0.0,10.381400000000001,0.1617323640645519
7043,0.322,0.8501152862662898,0.0038847137337101323,0.5281152862662899,0.0,10.883109521952978,0.0
7044,0.322,0.7874018635089406,0.003598136491059445,0.46540186350894064,0.0,11.325241292286472,0.0
7045,0.322,0.48777106589049424,0.002228934109505809,0.1657710658904942,0.0,11.48272380488244,0.0
7046,0.322,0.19510842635619766,0.0008915736438023514,0.0,0.12689157364380235,11.362176809920827,0.0
7047,0.995,0.09058605509394892,0.0004139449060510808,0.0,0.0,11.362176809920827,0.904413944906051
7048,0.422,0.034840790420749584,0.0001592095792504189,0.0,0.0,11.362176809920827,0.3871592095792504
7049,0.422,0.0,0.0,0.0,0.0,11.362176809920827,0.422
7050,2.422,0.0,0.0,0.0,2.422,9.061276809920827,0.0
7051,0.422,0.0,0.0,0.0,0.422,8.660376809920827,0.0
7052,0.495,0.0,0.0,0.0,0.0,8.660376809920827,0.495
7053,0.422,0.0,0.0,0.0,0.422,8.259476809920827,0.0
7054,0.422,0.0,0.0,0.0,0.0,8.259476809920827,0.422
7055,0.422,0.0,0.0,0.0,0.0,8.259476809920827,0.422
7056,0.322,0.0,0.0,0.0,0.0,8.259476809920827,0.322
7057,0.322,0.0,0.0,0.0,0.0,8.259476809920827,0.322
7058,0.322,0.0,0.0,0.0,0.0,8.259476809920827,0.322
7059,0.322,0.0,0.0,0.0,0.322,7.953576809920826,0.0
7060,0.322,0.0,0.0,0.0,0.0,7.953576809920826,0.322
7061,0.322,0.0,0.0,0.0,0.0,7.953576809920826,0.322
7062,0.322,0.0,0.0,0.0,0.0,7.953576809920826,0.322
7063,0.322,0.0,0.0,0.0,0.0,7.953576809920826,0.322
7064,0.395,0.0,0.0,0.0,0.0,7.953576809920826,0.395
7065,0.322,0.0,0.0,0.0,0.322,7.647676809920826,0.0
7066,0.322,0.05574526467319934,0.0002547353268006619,0.0,0.0,7.647676809920826,0.2662547353268007
7067,0.322,0.28569448145014664,0.0013055185498533906,0.0,0.0,7.647676809920826,0.036305518549853394
7068,0.322,0.43202580121729484,0.001974198782705161,0.11002580121729483,0.0,7.752201321077257,0.0
7069,0.322,0.4668665916380444,0.0021334083619556354,0.14486659163804438,0.0,7.889824583133398,0.0
7070,0.322,0.48777106589049424,0.002228934109505809,0.1657710658904942,0.0,8.047307095729368,0.0
7071,0.995,0.3135671137867463,0.0014328862132537146,0.0,0.6814328862132537,7.399945853826777,0.0
7072,0.422,0.13936316168299834,0.0006368383170016756,0.0,0.0,7.399945853826777,0.28263683831700165
7073,0.422,0.006968158084149917,3.184191585008274e-5,0.0,0.0,7.399945853826777,0.4150318419158501
7074,2.422,0.0,0.0,0.0,0.0,7.399945853826777,2.422
7075,0.422,0.0,0.0,0.0,0.422,6.999045853826777,0.0
7076,0.495,0.0,0.0,0.0,0.0,6.999045853826777,0.495
7077,0.422,0.0,0.0,0.0,0.0,6.999045853826777,0.422
7078,0.422,0.0,0.0,0.0,0.422,6.598145853826777,0.0
7079,0.422,0.0,0.0,0.0,0.0,6.598145853826777,0.422
7080,0.322,0.0,0.0,0.0,0.322,6.292245853826777,0.0
7081,0.322,0.0,0.0,0.0,0.322,5.986345853826776,0.0
7082,0.322,0.0,0.0,0.0,0.0,5.986345853826776,0.322
7083,0.322,0.0,0.0,0.0,0.0,5.986345853826776,0.322
7084,0.322,0.0,0.0,0.0,0.322,5.680445853826776,0.0
7085,0.322,0.0,0.0,0.0,0.322,5.374545853826776,0.0
7086,0.322,0.0,0.0,0.0,0.0,5.374545853826776,0.322
7087,0.322,0.0,0.0,0.0,0.0,5.374545853826776,0.322
7088,0.395,0.0,0.0,0.0,0.0,5.374545853826776,0.395
7089,0.322,0.02090447425244975,9.552574755024995e-5,0.0,0.3010955257475502,5.088505104366604,0.0
7090,0.322,0.083617897009799,0.0003821029902009998,0.0,0.0,5.088505104366604,0.238382102990201
7091,0.322,0.14633131976714828,0.0006686802328517427,0.0,0.17566868023285173,4.921619858145395,0.0
7092,0.322,0.19510842635619766,0.0008915736438023514,0.0,0.12689157364380235,4.801072863183783,0.0
7093,0.322,0.17420395210374792,0.0007960478962520945,0.0,0.0,4.801072863183783,0.1477960478962521
7094,0.322,0.17420395210374792,0.0007960478962520945,0.0,0.0,4.801072863183783,0.1477960478962521
7095,0.995,0.15329947785129816,0.0007005221487018376,0.0,0.8417005221487018,4.001457367142515,0.0
7096,0.422,0.07664973892564908,0.0003502610743509188,0.0,0.0,4.001457367142515,0.3453502610743509
7097,0.422,0.0,0.0,0.0,0.0,4.001457367142515,0.422
7098,2.422,0.0,0.0,0.0,0.0,4.001457367142515,2.422
7099,0.422,0.0,0.0,0.0,0.0,4.001457367142515,0.422
7100,0.495,0.0,0.0,0.0,0.0,4.001457367142515,0.495
7101,0.422,0.0,0.0,0.0,0.0,4.001457367142515,0.422
7102,0.422,0.0,0.0,0.0,0.0,4.001457367142515,0.422
7103,0.422,0.0,0.0,0.0,0.0,4.001457367142515,0.422
7104,0.322,0.0,0.0,0.0,0.0,4.001457367142515,0.322
7105,0.322,0.0,0.0,0.0,0.322,3.695557367142516,0.0
7106,0.322,0.0,0.0,0.0,0.0,3.695557367142516,0.322
7107,0.322,0.0,0.0,0.0,0.322,3.389657367142516,0.0
7108,0.322,0.0,0.0,0.0,0.0,3.389657367142516,0.322
7109,0.322,0.0,0.0,0.0,0.0,3.389657367142516,0.322
7110,0.322,0.0,0.0,0.0,0.322,3.0837573671425162,0.0
7111,0.322,0.0,0.0,0.0,0.322,2.7778573671425164,0.0
7112,0.395,0.0,0.0,0.0,0.0,2.7778573671425164,0.395
7113,0.322,0.034840790420749584,0.0001592095792504189,0.0,0.0,2.7778573671425164,0.2871592095792504
7114,0.322,0.19510842635619766,0.0008915736438023514,0.0,0.0,2.7778573671425164,0.12689157364380235
7115,0.322,0.3971850107965453,0.0018149892034547421,0.07518501079654526,0.0,2.849283127399234,0.0
7116,0.322,0.5922934371527431,0.0027065628472570102,0.27029343715274295,0.0,3.10606189269434,0.0
7117,0.322,0.5504844886478434,0.002515511352156663,0.22848448864784346,0.0,3.3231221569097915,0.0
7118,0.322,0.45293027546974457,0.0020697245302554457,0.1309302754697446,0.0,3.447505918606049,0.0
7119,0.995,0.2996307976184464,0.0013692023815535803,0.0,0.6953692023815536,2.786905176343573,0.0
7120,0.422,0.083617897009799,0.0003821029902009998,0.0,0.0,2.786905176343573,0.338382102990201
7121,0.422,0.0,0.0,0.0,0.0,2.786905176343573,0.422
7122,2.422,0.0,0.0,0.0,0.0,2.786905176343573,2.422
7123,0.422,0.0,0.0,0.0,0.0,2.786905176343573,0.422
7124,0.495,0.0,0.0,0.0,0.0,2.786905176343573,0.495
7125,0.422,0.0,0.0,0.0,0.0,2.786905176343573,0.422
7126,0.422,0.0,0.0,0.0,0.0,2.786905176343573,0.422
7127,0.422,0.0,0.0,0.0,0.0,2.786905176343573,0.422
7128,0.322,0.0,0.0,0.0,0.0,2.786905176343573,0.322
7129,0.322,0.0,0.0,0.0,0.0,2.786905176343573,0.322
7130,0.322,0.0,0.0,0.0,0.0,2.786905176343573,0.322
7131,0.322,0.0,0.0,0.0,0.0,2.786905176343573,0.322
7132,0.322,0.0,0.0,0.0,0.0,2.786905176343573,0.322
7133,0.322,0.0,0.0,0.0,0.0,2.786905176343573,0.322
7134,0.322,0.0,0.0,0.0,0.0,2.786905176343573,0.322
7135,0.322,0.0,0.0,0.0,0.0,2.786905176343573,0.322
7136,0.395,0.0,0.0,0.0,0.0,2.786905176343573,0.395
7137,0.322,0.0,0.0,0.0,0.0,2.786905176343573,0.322
7138,0.322,0.034840790420749584,0.0001592095792504189,0.0,0.0,2.786905176343573,0.2871592095792504
7139,0.322,0.083617897009799,0.0003821029902009998,0.0,0.0,2.786905176343573,0.238382102990201
7140,0.322,0.1323950035988484,0.0006049964011516085,0.0,0.0,2.786905176343573,0.1896049964011516
7141,0.322,0.1602676359354481,0.0007323640645519047,0.0,0.0,2.786905176343573,0.1617323640645519
7142,0.322,0.1602676359354481,0.0007323640645519047,0.0,0.0,2.786905176343573,0.1617323640645519
7143,0.995,0.1323950035988484,0.0006049964011516085,0.0,0.0,2.786905176343573,0.8626049964011516
7144,0.422,0.09058605509394892,0.0004139449060510808,0.0,0.0,2.786905176343573,0.3314139449060511
7145,0.422,0.0,0.0,0.0,0.0,2.786905176343573,0.422
7146,2.422,0.0,0.0,0.0,0.0,2.786905176343573,2.422
7147,0.422,0.0,0.0,0.0,0.0,2.786905176343573,0.422
7148,0.495,0.0,0.0,0.0,0.0,2.786905176343573,0.495
7149,0.422,0.0,0.0,0.0,0.0,2.786905176343573,0.422
7150,0.422,0.0,0.0,0.0,0.0,2.786905176343573,0.422
7151,0.422,0.0,0.0,0.0,0.0,2.786905176343573,0.422
7152,0.322,0.0,0.0,0.0,0.0,2.786905176343573,0.322
7153,0.322,0.0,0.0,0.0,0.0,2.786905176343573,0.322
7154,0.322,0.0,0.0,0.0,0.0,2.786905176343573,0.322
7155,0.322,0.0,0.0,0.0,0.0,2.786905176343573,0.322
7156,0.322,0.0,0.0,0.0,0.0,2.786905176343573,0.322
7157,0.322,0.0,0.0,0.0,0.0,2.786905176343573,0.322
7158,0.322,0.0,0.0,0.0,0.0,2.786905176343573,0.322
7159,0.322,0.0,0.0,0.0,0.0,2.786905176343573,0.322
7160,0.395,0.0,0.0,0.0,0.0,2.786905176343573,0.395
7161,0.322,0.06968158084149917,0.0003184191585008378,0.0,0.0,2.786905176343573,0.25231841915850084
7162,0.322,0.5504844886478434,0.002515511352156663,0.22848448864784346,0.0,3.0039654405590244,0.0
7163,0.322,1.3309181940726342,0.0060818059273657354,1.0089181940726342,0.0,3.962437724928027,0.0
7164,0.322,2.0834792671608247,0.009520732839175317,1.7614792671608246,0.0,5.63584302873081,0.0
7165,0.322,2.5712503330513194,0.011749666948680737,2.2492503330513194,0.0,7.772630845129563,0.0
7166,0.322,2.4876324360415203,0.011367563958479376,2.1656324360415202,0.0,9.829981659369007,0.0
7167,0.995,1.8465618922997278,0.008438107700272202,0.851561892299728,0.0,10.638965457053748,0.0
7168,0.422,0.8849560766870395,0.004043923312960551,0.4629560766870394,0.0,11.078773729906437,0.0
7169,0.422,0.05574526467319934,0.0002547353268006619,0.0,0.36625473532680064,10.730831731345978,0.0
7170,2.422,0.0,0.0,0.0,2.422,8.429931731345977,0.0
7171,0.422,0.0,0.0,0.0,0.422,8.029031731345977,0.0
7172,0.495,0.0,0.0,0.0,0.495,7.558781731345976,0.0
7173,0.422,0.0,0.0,0.0,0.422,7.157881731345976,0.0
7174,0.422,0.0,0.0,0.0,0.422,6.756981731345976,0.0
7175,0.422,0.0,0.0,0.0,0.422,6.356081731345976,0.0
7176,0.322,0.0,0.0,0.0,0.322,6.050181731345976,0.0
7177,0.322,0.0,0.0,0.0,0.322,5.744281731345976,0.0
7178,0.322,0.0,0.0,0.0,0.322,5.4383817313459755,0.0
7179,0.322,0.0,0.0,0.0,0.322,5.132481731345975,0.0
7180,0.322,0.0,0.0,0.0,0.322,4.826581731345975,0.0
7181,0.322,0.0,0.0,0.0,0.322,4.520681731345975,0.0
7182,0.322,0.0,0.0,0.0,0.322,4.214781731345974,0.0
7183,0.322,0.0,0.0,0.0,0.322,3.9088817313459736,0.0
7184,0.395,0.0,0.0,0.0,0.395,3.5336317313459737,0.0
7185,0.322,0.013936316168299835,6.368383170016548e-5,0.0,0.3080636838317002,3.2409712317058585,0.0
7186,0.322,0.23691737486109718,0.0010826251389028374,0.0,0.08508262513890283,3.1601427378239006,0.0
7187,0.322,0.675911334162542,0.003088665837458038,0.35391133416254195,0.0,3.496358505278316,0.0
7188,0.322,1.1427779258005866,0.005222074199413562,0.8207779258005864,0.0,4.276097534788874,0.0
7189,0.322,1.1845868743054861,0.0054131256945140205,0.8625868743054859,0.0,5.095555065379085,0.0
7190,0.322,0.7943700215930906,0.0036299784069094843,0.47237002159309055,0.0,5.544306585892521,0.0
7191,0.995,0.3971850107965453,0.0018149892034547421,0.0,0.5978149892034547,4.97638234614924,0.0
7192,0.422,0.15329947785129816,0.0007005221487018376,0.0,0.2687005221487019,4.721116850107973,0.0
7193,0.422,0.0,0.0,0.0,0.422,4.320216850107973,0.0
7194,2.422,0.0,0.0,0.0,0.9667545790610246,3.4018,1.4552454209389756
7195,0.422,0.0,0.0,0.0,0.422,3.0009,0.0
7196,0.495,0.0,0.0,0.0,0.0,3.0009,0.495
7197,0.422,0.0,0.0,0.0,0.422,2.6,0.0
7198,0.422,0.0,0.0,0.0,0.0,2.6,0.422
7199,0.422,0.0,0.0,0.0,0.0,2.6,0.422
7200,0.322,0.0,0.0,0.0,0.0,2.6,0.322
7201,0.322,0.0,0.0,0.0,0.0,2.6,0.322
7202,0.322,0.0,0.0,0.0,0.0,2.6,0.322
7203,0.322,0.0,0.0,0.0,0.0,2.6,0.322
7204,0.322,0.0,0.0,0.0,0.0,2.6,0.322
7205,0.322,0.0,0.0,0.0,0.0,2.6,0.322
7206,0.322,0.0,0.0,0.0,0.0,2.6,0.322
7207,0.322,0.0,0.0,0.0,0.0,2.6,0.322
7208,0.395,0.0,0.0,0.0,0.0,2.6,0.395
7209,0.322,0.0,0.0,0.0,0.0,2.6,0.322
7210,0.322,0.083617897009799,0.0003821029902009998,0.0,0.0,2.6,0.238382102990201
7211,0.322,0.18814026827204774,0.0008597317279522565,0.0,0.0,2.6,0.13385973172795226
7212,0.322,0.3693123784599456,0.0016876215400544181,0.04731237845994557,0.0,2.644946759536948,0.0
7213,0.322,0.5435163305636935,0.0024836694363065126,0.22151633056369352,0.0,2.8553872735724566,0.0
7214,0.322,0.4598984335538945,0.0021015664461055406,0.13789843355389453,0.0,2.986390785448657,0.0
7215,0.995,0.4111213269648451,0.0018786730351548764,0.0,0.40672714257753356,2.6,0.17715153045762141
7216,0.422,0.18117211018789783,0.0008278898121021616,0.0,0.0,2.6,0.24082788981210215
7217,0.422,0.0,0.0,0.0,0.0,2.6,0.422
7218,2.422,0.0,0.0,0.0,0.0,2.6,2.422
7219,0.422,0.0,0.0,0.0,0.0,2.6,0.422
7220,0.495,0.0,0.0,0.0,0.0,2.6,0.495
7221,0.422,0.0,0.0,0.0,0.0,2.6,0.422
7222,0.422,0.0,0.0,0.0,0.0,2.6,0.422
7223,0.422,0.0,0.0,0.0,0.0,2.6,0.422
7224,0.322,0.0,0.0,0.0,0.0,2.6,0.322
7225,0.322,0.0,0.0,0.0,0.0,2.6,0.322
7226,0.322,0.0,0.0,0.0,0.0,2.6,0.322
7227,0.322,0.0,0.0,0.0,0.0,2.6,0.322
7228,0.322,0.0,0.0,0.0,0.0,2.6,0.322
7229,0.322,0.0,0.0,0.0,0.0,2.6,0.322
7230,0.322,0.0,0.0,0.0,0.0,2.6,0.322
7231,0.322,0.0,0.0,0.0,0.0,2.6,0.322
7232,0.395,0.0,0.0,0.0,0.0,2.6,0.395
7233,0.322,0.0,0.0,0.0,0.0,2.6,0.322
7234,0.322,0.11845868743054859,0.0005413125694514187,0.0,0.0,2.6,0.2035413125694514
7235,0.322,0.3135671137867463,0.0014328862132537146,0.0,0.0,2.6,0.008432886213253757
7236,0.322,0.3832486946282454,0.0017513053717546079,0.06124869462824541,0.0,2.658186259896833,0.0
7237,0.322,0.4250576431331449,0.0019423568668550661,0.1030576431331449,0.0,2.7560910208733205,0.0
7238,0.322,0.4250576431331449,0.0019423568668550661,0.1030576431331449,0.0,2.8539957818498083,0.0
7239,0.995,0.24388553294524712,0.0011144670547529045,0.0,0.26736398089453517,2.6,0.4837504861602177
7240,0.422,0.0418089485048995,0.0001910514951004999,0.0,0.0,2.6,0.38019105149510046
7241,0.422,0.0,0.0,0.0,0.0,2.6,0.422
7242,2.422,0.0,0.0,0.0,0.0,2.6,2.422
7243,0.422,0.0,0.0,0.0,0.0,2.6,0.422
7244,0.495,0.0,0.0,0.0,0.0,2.6,0.495
7245,0.422,0.0,0.0,0.0,0.0,2.6,0.422
7246,0.422,0.0,0.0,0.0,0.0,2.6,0.422
7247,0.422,0.0,0.0,0.0,0.0,2.6,0.422
7248,0.322,0.0,0.0,0.0,0.0,2.6,0.322
7249,0.322,0.0,0.0,0.0,0.0,2.6,0.322
7250,0.322,0.0,0.0,0.0,0.0,2.6,0.322
7251,0.322,0.0,0.0,0.0,0.0,2.6,0.322
7252,0.322,0.0,0.0,0.0,0.0,2.6,0.322
7253,0.322,0.0,0.0,0.0,0.0,2.6,0.322
7254,0.322,0.0,0.0,0.0,0.0,2.6,0.322
7255,0.322,0.0,0.0,0.0,0.0,2.6,0.322
7256,0.395,0.0,0.0,0.0,0.0,2.6,0.395
7257,0.322,0.0,0.0,0.0,0.0,2.6,0.322
7258,0.322,0.006968158084149917,3.184191585008274e-5,0.0,0.0,2.6,0.3150318419158501
7259,0.322,0.034840790420749584,0.0001592095792504189,0.0,0.0,2.6,0.2871592095792504
7260,0.322,0.048777106589049414,0.00022289341095058784,0.0,0.0,2.6,0.2732228934109506
7261,0.322,0.048777106589049414,0.00022289341095058784,0.0,0.0,2.6,0.2732228934109506
7262,0.322,0.02787263233659967,0.00012736766340033095,0.0,0.0,2.6,0.2941273676634003
7263,0.995,0.006968158084149917,3.184191585008274e-5,0.0,0.0,2.6,0.98803184191585
7264,0.422,0.0,0.0,0.0,0.0,2.6,0.422
7265,0.422,0.0,0.0,0.0,0.0,2.6,0.422
7266,2.422,0.0,0.0,0.0,0.0,2.6,2.422
7267,0.422,0.0,0.0,0.0,0.0,2.6,0.422
7268,0.495,0.0,0.0,0.0,0.0,2.6,0.495
7269,0.422,0.0,0.0,0.0,0.0,2.6,0.422
7270,0.422,0.0,0.0,0.0,0.0,2.6,0.422
7271,0.422,0.0,0.0,0.0,0.0,2.6,0.422
7272,0.322,0.0,0.0,0.0,0.0,2.6,0.322
7273,0.322,0.0,0.0,0.0,0.0,2.6,0.322
7274,0.322,0.0,0.0,0.0,0.0,2.6,0.322
7275,0.322,0.0,0.0,0.0,0.0,2.6,0.322
7276,0.322,0.0,0.0,0.0,0.0,2.6,0.322
7277,0.322,0.0,0.0,0.0,0.0,2.6,0.322
7278,0.322,0.0,0.0,0.0,0.0,2.6,0.322
7279,0.322,0.0,0.0,0.0,0.0,2.6,0.322
7280,0.395,0.0,0.0,0.0,0.0,2.6,0.395
7281,0.322,0.0,0.0,0.0,0.0,2.6,0.322
7282,0.322,0.10452237126224875,0.0004776287377512428,0.0,0.0,2.6,0.21747762873775128
7283,0.322,0.28569448145014664,0.0013055185498533906,0.0,0.0,2.6,0.036305518549853394
7284,0.322,0.5086755401429439,0.0023244598570560937,0.1866755401429439,0.0,2.7773417631357966,0.0
7285,0.322,0.5435163305636935,0.0024836694363065126,0.22151633056369352,0.0,2.9877822771713056,0.0
7286,0.322,0.5156436982270938,0.002356301772906244,0.1936436982270938,0.0,3.1717437904870445,0.0
7287,0.995,0.3135671137867463,0.0014328862132537146,0.0,0.6018355689337311,2.6,0.07959731727952257
7288,0.422,0.05574526467319934,0.0002547353268006619,0.0,0.0,2.6,0.3662547353268007
7289,0.422,0.0,0.0,0.0,0.0,2.6,0.422
7290,2.422,0.0,0.0,0.0,0.0,2.6,2.422
7291,0.422,0.0,0.0,0.0,0.0,2.6,0.422
7292,0.495,0.0,0.0,0.0,0.0,2.6,0.495
7293,0.422,0.0,0.0,0.0,0.0,2.6,0.422
7294,0.422,0.0,0.0,0.0,0.0,2.6,0.422
7295,0.422,0.0,0.0,0.0,0.0,2.6,0.422
7296,0.322,0.0,0.0,0.0,0.0,2.6,0.322
7297,0.0,0.0,0.0,0.0,0.0,2.6,0.0
7298,0.0,0.0,0.0,0.0,0.0,2.6,0.0
7299,0.0,0.0,0.0,0.0,0.0,2.6,0.0
7300,0.0,0.0,0.0,0.0,0.0,2.6,0.0
7301,0.0,0.0,0.0,0.0,0.0,2.6,0.0
7302,0.0,0.0,0.0,0.0,0.0,2.6,0.0
7303,0.0,0.0,0.0,0.0,0.0,2.6,0.0
7304,0.0,0.0,0.0,0.0,0.0,2.6,0.0
7305,0.0,0.0,0.0,0.0,0.0,2.6,0.0
7306,0.0,0.0,0.084,0.0,0.0,2.6,0.0
7307,0.0,0.0,0.29400000000000004,0.0,0.0,2.6,0.0
7308,0.0,0.0,0.448,0.0,0.0,2.6,0.0
7309,0.0,0.0,0.5740000000000001,0.0,0.0,2.6,0.0
7310,0.0,0.0,0.7070000000000001,0.0,0.0,2.6,0.0
7311,0.0,0.0,0.546,0.0,0.0,2.6,0.0
7312,0.0,0.0,0.217,0.0,0.0,2.6,0.0
7313,0.0,0.0,0.0,0.0,0.0,2.6,0.0
7314,0.0,0.0,0.0,0.0,0.0,2.6,0.0
7315,0.0,0.0,0.0,0.0,0.0,2.6,0.0
7316,0.0,0.0,0.0,0.0,0.0,2.6,0.0
7317,0.0,0.0,0.0,0.0,0.0,2.6,0.0
7318,0.0,0.0,0.0,0.0,0.0,2.6,0.0
7319,0.0,0.0,0.0,0.0,0.0,2.6,0.0
7320,0.0,0.0,0.0,0.0,0.0,2.6,0.0
7321,0.0,0.0,0.0,0.0,0.0,2.6,0.0
7322,0.0,0.0,0.0,0.0,0.0,2.6,0.0
7323,0.0,0.0,0.0,0.0,0.0,2.6,0.0
7324,0.0,0.0,0.0,0.0,0.0,2.6,0.0
7325,0.0,0.0,0.0,0.0,0.0,2.6,0.0
7326,0.0,0.0,0.0,0.0,0.0,2.6,0.0
7327,0.0,0.0,0.0,0.0,0.0,2.6,0.0
7328,0.0,0.0,0.0,0.0,0.0,2.6,0.0
7329,0.0,0.0,0.0,0.0,0.0,2.6,0.0
7330,0.0,0.0,0.049,0.0,0.0,2.6,0.0
7331,0.0,0.0,0.196,0.0,0.0,2.6,0.0
7332,0.0,0.0,0.308,0.0,0.0,2.6,0.0
7333,0.0,0.0,0.406,0.0,0.0,2.6,0.0
7334,0.0,0.0,0.406,0.0,0.0,2.6,0.0
7335,0.0,0.0,0.322,0.0,0.0,2.6,0.0
7336,0.0,0.0,0.091,0.0,0.0,2.6,0.0
7337,0.0,0.0,0.0,0.0,0.0,2.6,0.0
7338,0.0,0.0,0.0,0.0,0.0,2.6,0.0
7339,0.0,0.0,0.0,0.0,0.0,2.6,0.0
7340,0.0,0.0,0.0,0.0,0.0,2.6,0.0
7341,0.0,0.0,0.0,0.0,0.0,2.6,0.0
7342,0.0,0.0,0.0,0.0,0.0,2.6,0.0
7343,0.0,0.0,0.0,0.0,0.0,2.6,0.0
7344,0.0,0.0,0.0,0.0,0.0,2.6,0.0
7345,0.0,0.0,0.0,0.0,0.0,2.6,0.0
7346,0.0,0.0,0.0,0.0,0.0,2.6,0.0
7347,0.0,0.0,0.0,0.0,0.0,2.6,0.0
7348,0.0,0.0,0.0,0.0,0.0,2.6,0.0
7349,0.0,0.0,0.0,0.0,0.0,2.6,0.0
7350,0.0,0.0,0.0,0.0,0.0,2.6,0.0
7351,0.0,0.0,0.0,0.0,0.0,2.6,0.0
7352,0.0,0.0,0.0,0.0,0.0,2.6,0.0
7353,0.0,0.0,0.049,0.0,0.0,2.6,0.0
7354,0.0,0.0,1.001,0.0,0.0,2.6,0.0
7355,0.0,0.0,2.3240000000000003,0.0,0.0,2.6,0.0
7356,0.0,0.0,3.094,0.0,0.0,2.6,0.0
7357,0.0,0.0,3.3249999999999997,0.0,0.0,2.6,0.0
7358,0.0,0.0,3.073,0.0,0.0,2.6,0.0
7359,0.0,0.0,2.303,0.0,0.0,2.6,0.0
7360,0.0,0.0,1.106,0.0,0.0,2.6,0.0
7361,0.0,0.0,0.0,0.0,0.0,2.6,0.0
7362,0.0,0.0,0.0,0.0,0.0,2.6,0.0
7363,0.0,0.0,0.0,0.0,0.0,2.6,0.0
7364,0.0,0.0,0.0,0.0,0.0,2.6,0.0
7365,0.0,0.0,0.0,0.0,0.0,2.6,0.0
7366,0.0,0.0,0.0,0.0,0.0,2.6,0.0
7367,0.0,0.0,0.0,0.0,0.0,2.6,0.0
7368,0.0,0.0,0.0,0.0,0.0,2.6,0.0
7369,0.0,0.0,0.0,0.0,0.0,2.6,0.0
7370,0.0,0.0,0.0,0.0,0.0,2.6,0.0
7371,0.0,0.0,0.0,0.0,0.0,2.6,0.0
7372,0.0,0.0,0.0,0.0,0.0,2.6,0.0
7373,0.0,0.0,0.0,0.0,0.0,2.6,0.0
7374,0.0,0.0,0.0,0.0,0.0,2.6,0.0
7375,0.0,0.0,0.0,0.0,0.0,2.6,0.0
7376,0.0,0.0,0.0,0.0,0.0,2.6,0.0
7377,0.0,0.0,0.063,0.0,0.0,2.6,0.0
7378,0.0,0.0,1.4489999999999998,0.0,0.0,2.6,0.0
7379,0.0,0.0,3.038,0.0,0.0,2.6,0.0
7380,0.0,0.0,3.9200000000000004,0.0,0.0,2.6,0.0
7381,0.0,0.0,4.172,0.0,0.0,2.6,0.0
7382,0.0,0.0,3.8500000000000005,0.0,0.0,2.6,0.0
7383,0.0,0.0,2.9539999999999997,0.0,0.0,2.6,0.0
7384,0.0,0.0,1.701,0.0,0.0,2.6,0.0
7385,0.0,0.0,0.0,0.0,0.0,2.6,0.0
7386,0.0,0.0,0.0,0.0,0.0,2.6,0.0
7387,0.0,0.0,0.0,0.0,0.0,2.6,0.0
7388,0.0,0.0,0.0,0.0,0.0,2.6,0.0
7389,0.0,0.0,0.0,0.0,0.0,2.6,0.0
7390,0.0,0.0,0.0,0.0,0.0,2.6,0.0
7391,0.0,0.0,0.0,0.0,0.0,2.6,0.0
7392,0.0,0.0,0.0,0.0,0.0,2.6,0.0
7393,0.0,0.0,0.0,0.0,0.0,2.6,0.0
7394,0.0,0.0,0.0,0.0,0.0,2.6,0.0
7395,0.0,0.0,0.0,0.0,0.0,2.6,0.0
7396,0.0,0.0,0.0,0.0,0.0,2.6,0.0
7397,0.0,0.0,0.0,0.0,0.0,2.6,0.0
7398,0.0,0.0,0.0,0.0,0.0,2.6,0.0
7399,0.0,0.0,0.0,0.0,0.0,2.6,0.0
7400,0.0,0.0,0.0,0.0,0.0,2.6,0.0
7401,0.0,0.0,0.007,0.0,0.0,2.6,0.0
7402,0.0,0.0,0.5810000000000001,0.0,0.0,2.6,0.0
7403,0.0,0.0,1.484,0.0,0.0,2.6,0.0
7404,0.0,0.0,2.513,0.0,0.0,2.6,0.0
7405,0.0,0.0,3.3179999999999996,0.0,0.0,2.6,0.0
7406,0.0,0.0,3.1430000000000002,0.0,0.0,2.6,0.0
7407,0.0,0.0,2.394,0.0,0.0,2.6,0.0
7408,0.0,0.0,0.805,0.0,0.0,2.6,0.0
7409,0.0,0.0,0.0,0.0,0.0,2.6,0.0
7410,0.0,0.0,0.0,0.0,0.0,2.6,0.0
7411,0.0,0.0,0.0,0.0,0.0,2.6,0.0
7412,0.0,0.0,0.0,0.0,0.0,2.6,0.0
7413,0.0,0.0,0.0,0.0,0.0,2.6,0.0
7414,0.0,0.0,0.0,0.0,0.0,2.6,0.0
7415,0.0,0.0,0.0,0.0,0.0,2.6,0.0
7416,0.0,0.0,0.0,0.0,0.0,2.6,0.0
7417,0.0,0.0,0.0,0.0,0.0,2.6,0.0
7418,0.0,0.0,0.0,0.0,0.0,2.6,0.0
7419,0.0,0.0,0.0,0.0,0.0,2.6,0.0
7420,0.0,0.0,0.0,0.0,0.0,2.6,0.0
7421,0.0,0.0,0.0,0.0,0.0,2.6,0.0
7422,0.0,0.0,0.0,0.0,0.0,2.6,0.0
7423,0.0,0.0,0.0,0.0,0.0,2.6,0.0
7424,0.0,0.0,0.0,0.0,0.0,2.6,0.0
7425,0.0,0.0,0.0,0.0,0.0,2.6,0.0
7426,0.0,0.0,0.035,0.0,0.0,2.6,0.0
7427,0.0,0.0,0.14,0.0,0.0,2.6,0.0
7428,0.0,0.0,0.23800000000000002,0.0,0.0,2.6,0.0
7429,0.0,0.0,0.266,0.0,0.0,2.6,0.0
7430,0.0,0.0,0.21,0.0,0.0,2.6,0.0
7431,0.0,0.0,0.11900000000000001,0.0,0.0,2.6,0.0
7432,0.0,0.0,0.021,0.0,0.0,2.6,0.0
7433,0.0,0.0,0.0,0.0,0.0,2.6,0.0
7434,0.0,0.0,0.0,0.0,0.0,2.6,0.0
7435,0.0,0.0,0.0,0.0,0.0,2.6,0.0
7436,0.0,0.0,0.0,0.0,0.0,2.6,0.0
7437,0.0,0.0,0.0,0.0,0.0,2.6,0.0
7438,0.0,0.0,0.0,0.0,0.0,2.6,0.0
7439,0.0,0.0,0.0,0.0,0.0,2.6,0.0
7440,0.0,0.0,0.0,0.0,0.0,2.6,0.0
7441,0.0,0.0,0.0,0.0,0.0,2.6,0.0
7442,0.0,0.0,0.0,0.0,0.0,2.6,0.0
7443,0.0,0.0,0.0,0.0,0.0,2.6,0.0
7444,0.0,0.0,0.0,0.0,0.0,2.6,0.0
7445,0.0,0.0,0.0,0.0,0.0,2.6,0.0
7446,0.0,0.0,0.0,0.0,0.0,2.6,0.0
7447,0.0,0.0,0.0,0.0,0.0,2.6,0.0
7448,0.0,0.0,0.0,0.0,0.0,2.6,0.0
7449,0.0,0.0,0.0,0.0,0.0,2.6,0.0
7450,0.0,0.0,0.217,0.0,0.0,2.6,0.0
7451,0.0,0.0,0.651,0.0,0.0,2.6,0.0
7452,0.0,0.0,1.127,0.0,0.0,2.6,0.0
7453,0.0,0.0,1.253,0.0,0.0,2.6,0.0
7454,0.0,0.0,1.057,0.0,0.0,2.6,0.0
7455,0.0,0.0,0.609,0.0,0.0,2.6,0.0
7456,0.0,0.0,0.189,0.0,0.0,2.6,0.0
7457,0.0,0.0,0.0,0.0,0.0,2.6,0.0
7458,0.0,0.0,0.0,0.0,0.0,2.6,0.0
7459,0.0,0.0,0.0,0.0,0.0,2.6,0.0
7460,0.0,0.0,0.0,0.0,0.0,2.6,0.0
7461,0.0,0.0,0.0,0.0,0.0,2.6,0.0
7462,0.0,0.0,0.0,0.0,0.0,2.6,0.0
7463,0.0,0.0,0.0,0.0,0.0,2.6,0.0
7464,0.0,0.0,0.0,0.0,0.0,2.6,0.0
7465,0.0,0.0,0.0,0.0,0.0,2.6,0.0
7466,0.0,0.0,0.0,0.0,0.0,2.6,0.0
7467,0.0,0.0,0.0,0.0,0.0,2.6,0.0
7468,0.0,0.0,0.0,0.0,0.0,2.6,0.0
7469,0.0,0.0,0.0,0.0,0.0,2.6,0.0
7470,0.0,0.0,0.0,0.0,0.0,2.6,0.0
7471,0.0,0.0,0.0,0.0,0.0,2.6,0.0
7472,0.0,0.0,0.0,0.0,0.0,2.6,0.0
7473,0.0,0.0,0.0,0.0,0.0,2.6,0.0
7474,0.0,0.0,0.315,0.0,0.0,2.6,0.0
7475,0.0,0.0,1.106,0.0,0.0,2.6,0.0
7476,0.0,0.0,1.778,0.0,0.0,2.6,0.0
7477,0.0,0.0,2.142,0.0,0.0,2.6,0.0
7478,0.0,0.0,1.9460000000000002,0.0,0.0,2.6,0.0
7479,0.0,0.0,1.344,0.0,0.0,2.6,0.0
7480,0.0,0.0,0.399,0.0,0.0,2.6,0.0
7481,0.0,0.0,0.0,0.0,0.0,2.6,0.0
7482,0.0,0.0,0.0,0.0,0.0,2.6,0.0
7483,0.0,0.0,0.0,0.0,0.0,2.6,0.0
7484,0.0,0.0,0.0,0.0,0.0,2.6,0.0
7485,0.0,0.0,0.0,0.0,0.0,2.6,0.0
7486,0.0,0.0,0.0,0.0,0.0,2.6,0.0
7487,0.0,0.0,0.0,0.0,0.0,2.6,0.0
7488,0.0,0.0,0.0,0.0,0.0,2.6,0.0
7489,0.0,0.0,0.0,0.0,0.0,2.6,0.0
7490,0.0,0.0,0.0,0.0,0.0,2.6,0.0
7491,0.0,0.0,0.0,0.0,0.0,2.6,0.0
7492,0.0,0.0,0.0,0.0,0.0,2.6,0.0
7493,0.0,0.0,0.0,0.0,0.0,2.6,0.0
7494,0.0,0.0,0.0,0.0,0.0,2.6,0.0
7495,0.0,0.0,0.0,0.0,0.0,2.6,0.0
7496,0.0,0.0,0.0,0.0,0.0,2.6,0.0
7497,0.0,0.0,0.0,0.0,0.0,2.6,0.0
7498,0.0,0.0,0.791,0.0,0.0,2.6,0.0
7499,0.0,0.0,2.359,0.0,0.0,2.6,0.0
7500,0.0,0.0,3.304,0.0,0.0,2.6,0.0
7501,0.0,0.0,3.4859999999999998,0.0,0.0,2.6,0.0
7502,0.0,0.0,2.968,0.0,0.0,2.6,0.0
7503,0.0,0.0,1.939,0.0,0.0,2.6,0.0
7504,0.0,0.0,0.518,0.0,0.0,2.6,0.0
7505,0.0,0.0,0.0,0.0,0.0,2.6,0.0
7506,0.0,0.0,0.0,0.0,0.0,2.6,0.0
7507,0.0,0.0,0.0,0.0,0.0,2.6,0.0
7508,0.0,0.0,0.0,0.0,0.0,2.6,0.0
7509,0.0,0.0,0.0,0.0,0.0,2.6,0.0
7510,0.0,0.0,0.0,0.0,0.0,2.6,0.0
7511,0.0,0.0,0.0,0.0,0.0,2.6,0.0
7512,0.0,0.0,0.0,0.0,0.0,2.6,0.0
7513,0.0,0.0,0.0,0.0,0.0,2.6,0.0
7514,0.0,0.0,0.0,0.0,0.0,2.6,0.0
7515,0.0,0.0,0.0,0.0,0.0,2.6,0.0
7516,0.0,0.0,0.0,0.0,0.0,2.6,0.0
7517,0.0,0.0,0.0,0.0,0.0,2.6,0.0
7518,0.0,0.0,0.0,0.0,0.0,2.6,0.0
7519,0.0,0.0,0.0,0.0,0.0,2.6,0.0
7520,0.0,0.0,0.0,0.0,0.0,2.6,0.0
7521,0.0,0.0,0.0,0.0,0.0,2.6,0.0
7522,0.0,0.0,0.077,0.0,0.0,2.6,0.0
7523,0.0,0.0,0.29400000000000004,0.0,0.0,2.6,0.0
7524,0.0,0.0,0.441,0.0,0.0,2.6,0.0
7525,0.0,0.0,0.413,0.0,0.0,2.6,0.0
7526,0.0,0.0,0.301,0.0,0.0,2.6,0.0
7527,0.0,0.0,0.14700000000000002,0.0,0.0,2.6,0.0
7528,0.0,0.0,0.014,0.0,0.0,2.6,0.0
7529,0.0,0.0,0.0,0.0,0.0,2.6,0.0
7530,0.0,0.0,0.0,0.0,0.0,2.6,0.0
7531,0.0,0.0,0.0,0.0,0.0,2.6,0.0
7532,0.0,0.0,0.0,0.0,0.0,2.6,0.0
7533,0.0,0.0,0.0,0.0,0.0,2.6,0.0
7534,0.0,0.0,0.0,0.0,0.0,2.6,0.0
7535,0.0,0.0,0.0,0.0,0.0,2.6,0.0
7536,0.0,0.0,0.0,0.0,0.0,2.6,0.0
7537,0.0,0.0,0.0,0.0,0.0,2.6,0.0
7538,0.0,0.0,0.0,0.0,0.0,2.6,0.0
7539,0.0,0.0,0.0,0.0,0.0,2.6,0.0
7540,0.0,0.0,0.0,0.0,0.0,2.6,0.0
7541,0.0,0.0,0.0,0.0,0.0,2.6,0.0
7542,0.0,0.0,0.0,0.0,0.0,2.6,0.0
7543,0.0,0.0,0.0,0.0,0.0,2.6,0.0
7544,0.0,0.0,0.0,0.0,0.0,2.6,0.0
7545,0.0,0.0,0.0,0.0,0.0,2.6,0.0
7546,0.0,0.0,0.46900000000000003,0.0,0.0,2.6,0.0
7547,0.0,0.0,1.939,0.0,0.0,2.6,0.0
7548,0.0,0.0,3.059,0.0,0.0,2.6,0.0
7549,0.0,0.0,3.395,0.0,0.0,2.6,0.0
7550,0.0,0.0,3.073,0.0,0.0,2.6,0.0
7551,0.0,0.0,2.0789999999999997,0.0,0.0,2.6,0.0
7552,0.0,0.0,0.42,0.0,0.0,2.6,0.0
7553,0.0,0.0,0.0,0.0,0.0,2.6,0.0
7554,0.0,0.0,0.0,0.0,0.0,2.6,0.0
7555,0.0,0.0,0.0,0.0,0.0,2.6,0.0
7556,0.0,0.0,0.0,0.0,0.0,2.6,0.0
7557,0.0,0.0,0.0,0.0,0.0,2.6,0.0
7558,0.0,0.0,0.0,0.0,0.0,2.6,0.0
7559,0.0,0.0,0.0,0.0,0.0,2.6,0.0
7560,0.0,0.0,0.0,0.0,0.0,2.6,0.0
7561,0.0,0.0,0.0,0.0,0.0,2.6,0.0
7562,0.0,0.0,0.0,0.0,0.0,2.6,0.0
7563,0.0,0.0,0.0,0.0,0.0,2.6,0.0
7564,0.0,0.0,0.0,0.0,0.0,2.6,0.0
7565,0.0,0.0,0.0,0.0,0.0,2.6,0.0
7566,0.0,0.0,0.0,0.0,0.0,2.6,0.0
7567,0.0,0.0,0.0,0.0,0.0,2.6,0.0
7568,0.0,0.0,0.0,0.0,0.0,2.6,0.0
7569,0.0,0.0,0.0,0.0,0.0,2.6,0.0
7570,0.0,0.0,0.11900000000000001,0.0,0.0,2.6,0.0
7571,0.0,0.0,0.42,0.0,0.0,2.6,0.0
7572,0.0,0.0,0.7000000000000001,0.0,0.0,2.6,0.0
7573,0.0,0.0,0.77,0.0,0.0,2.6,0.0
7574,0.0,0.0,0.623,0.0,0.0,2.6,0.0
7575,0.0,0.0,0.329,0.0,0.0,2.6,0.0
7576,0.0,0.0,0.028,0.0,0.0,2.6,0.0
7577,0.0,0.0,0.0,0.0,0.0,2.6,0.0
7578,0.0,0.0,0.0,0.0,0.0,2.6,0.0
7579,0.0,0.0,0.0,0.0,0.0,2.6,0.0
7580,0.0,0.0,0.0,0.0,0.0,2.6,0.0
7581,0.0,0.0,0.0,0.0,0.0,2.6,0.0
7582,0.0,0.0,0.0,0.0,0.0,2.6,0.0
7583,0.0,0.0,0.0,0.0,0.0,2.6,0.0
7584,0.0,0.0,0.0,0.0,0.0,2.6,0.0
7585,0.0,0.0,0.0,0.0,0.0,2.6,0.0
7586,0.0,0.0,0.0,0.0,0.0,2.6,0.0
7587,0.0,0.0,0.0,0.0,0.0,2.6,0.0
7588,0.0,0.0,0.0,0.0,0.0,2.6,0.0
7589,0.0,0.0,0.0,0.0,0.0,2.6,0.0
7590,0.0,0.0,0.0,0.0,0.0,2.6,0.0
7591,0.0,0.0,0.0,0.0,0.0,2.6,0.0
7592,0.0,0.0,0.0,0.0,0.0,2.6,0.0
7593,0.0,0.0,0.0,0.0,0.0,2.6,0.0
7594,0.0,0.0,0.028,0.0,0.0,2.6,0.0
7595,0.0,0.0,0.23800000000000002,0.0,0.0,2.6,0.0
7596,0.0,0.0,0.525,0.0,0.0,2.6,0.0
7597,0.0,0.0,0.777,0.0,0.0,2.6,0.0
7598,0.0,0.0,0.9800000000000001,0.0,0.0,2.6,0.0
7599,0.0,0.0,0.616,0.0,0.0,2.6,0.0
7600,0.0,0.0,0.056,0.0,0.0,2.6,0.0
7601,0.0,0.0,0.0,0.0,0.0,2.6,0.0
7602,0.0,0.0,0.0,0.0,0.0,2.6,0.0
7603,0.0,0.0,0.0,0.0,0.0,2.6,0.0
7604,0.0,0.0,0.0,0.0,0.0,2.6,0.0
7605,0.0,0.0,0.0,0.0,0.0,2.6,0.0
7606,0.0,0.0,0.0,0.0,0.0,2.6,0.0
7607,0.0,0.0,0.0,0.0,0.0,2.6,0.0
7608,0.0,0.0,0.0,0.0,0.0,2.6,0.0
7609,0.0,0.0,0.0,0.0,0.0,2.6,0.0
7610,0.0,0.0,0.0,0.0,0.0,2.6,0.0
7611,0.0,0.0,0.0,0.0,0.0,2.6,0.0
7612,0.0,0.0,0.0,0.0,0.0,2.6,0.0
7613,0.0,0.0,0.0,0.0,0.0,2.6,0.0
7614,0.0,0.0,0.0,0.0,0.0,2.6,0.0
7615,0.0,0.0,0.0,0.0,0.0,2.6,0.0
7616,0.0,0.0,0.0,0.0,0.0,2.6,0.0
7617,0.0,0.0,0.0,0.0,0.0,2.6,0.0
7618,0.0,0.0,0.21,0.0,0.0,2.6,0.0
7619,0.0,0.0,1.141,0.0,0.0,2.6,0.0
7620,0.0,0.0,1.9739999999999998,0.0,0.0,2.6,0.0
7621,0.0,0.0,2.261,0.0,0.0,2.6,0.0
7622,0.0,0.0,1.911,0.0,0.0,2.6,0.0
7623,0.0,0.0,1.106,0.0,0.0,2.6,0.0
7624,0.0,0.0,0.098,0.0,0.0,2.6,0.0
7625,0.0,0.0,0.0,0.0,0.0,2.6,0.0
7626,0.0,0.0,0.0,0.0,0.0,2.6,0.0
7627,0.0,0.0,0.0,0.0,0.0,2.6,0.0
7628,0.0,0.0,0.0,0.0,0.0,2.6,0.0
7629,0.0,0.0,0.0,0.0,0.0,2.6,0.0
7630,0.0,0.0,0.0,0.0,0.0,2.6,0.0
7631,0.0,0.0,0.0,0.0,0.0,2.6,0.0
7632,0.0,0.0,0.0,0.0,0.0,2.6,0.0
7633,0.0,0.0,0.0,0.0,0.0,2.6,0.0
7634,0.0,0.0,0.0,0.0,0.0,2.6,0.0
7635,0.0,0.0,0.0,0.0,0.0,2.6,0.0
7636,0.0,0.0,0.0,0.0,0.0,2.6,0.0
7637,0.0,0.0,0.0,0.0,0.0,2.6,0.0
7638,0.0,0.0,0.0,0.0,0.0,2.6,0.0
7639,0.0,0.0,0.0,0.0,0.0,2.6,0.0
7640,0.0,0.0,0.0,0.0,0.0,2.6,0.0
7641,0.0,0.0,0.0,0.0,0.0,2.6,0.0
7642,0.0,0.0,0.098,0.0,0.0,2.6,0.0
7643,0.0,0.0,0.5950000000000001,0.0,0.0,2.6,0.0
7644,0.0,0.0,1.085,0.0,0.0,2.6,0.0
7645,0.0,0.0,1.295,0.0,0.0,2.6,0.0
7646,0.0,0.0,1.155,0.0,0.0,2.6,0.0
7647,0.0,0.0,0.665,0.0,0.0,2.6,0.0
7648,0.0,0.0,0.035,0.0,0.0,2.6,0.0
7649,0.0,0.0,0.0,0.0,0.0,2.6,0.0
7650,0.0,0.0,0.0,0.0,0.0,2.6,0.0
7651,0.0,0.0,0.0,0.0,0.0,2.6,0.0
7652,0.0,0.0,0.0,0.0,0.0,2.6,0.0
7653,0.0,0.0,0.0,0.0,0.0,2.6,0.0
7654,0.0,0.0,0.0,0.0,0.0,2.6,0.0
7655,0.0,0.0,0.0,0.0,0.0,2.6,0.0
7656,0.0,0.0,0.0,0.0,0.0,2.6,0.0
7657,0.0,0.0,0.0,0.0,0.0,2.6,0.0
7658,0.0,0.0,0.0,0.0,0.0,2.6,0.0
7659,0.0,0.0,0.0,0.0,0.0,2.6,0.0
7660,0.0,0.0,0.0,0.0,0.0,2.6,0.0
7661,0.0,0.0,0.0,0.0,0.0,2.6,0.0
7662,0.0,0.0,0.0,0.0,0.0,2.6,0.0
7663,0.0,0.0,0.0,0.0,0.0,2.6,0.0
7664,0.0,0.0,0.0,0.0,0.0,2.6,0.0
7665,0.0,0.0,0.0,0.0,0.0,2.6,0.0
7666,0.0,0.0,0.014,0.0,0.0,2.6,0.0
7667,0.0,0.0,0.231,0.0,0.0,2.6,0.0
7668,0.0,0.0,0.602,0.0,0.0,2.6,0.0
7669,0.0,0.0,0.756,0.0,0.0,2.6,0.0
7670,0.0,0.0,0.602,0.0,0.0,2.6,0.0
7671,0.0,0.0,0.357,0.0,0.0,2.6,0.0
7672,0.0,0.0,0.014,0.0,0.0,2.6,0.0
7673,0.0,0.0,0.0,0.0,0.0,2.6,0.0
7674,0.0,0.0,0.0,0.0,0.0,2.6,0.0
7675,0.0,0.0,0.0,0.0,0.0,2.6,0.0
7676,0.0,0.0,0.0,0.0,0.0,2.6,0.0
7677,0.0,0.0,0.0,0.0,0.0,2.6,0.0
7678,0.0,0.0,0.0,0.0,0.0,2.6,0.0
7679,0.0,0.0,0.0,0.0,0.0,2.6,0.0
7680,0.0,0.0,0.0,0.0,0.0,2.6,0.0
7681,0.0,0.0,0.0,0.0,0.0,2.6,0.0
7682,0.0,0.0,0.0,0.0,0.0,2.6,0.0
7683,0.0,0.0,0.0,0.0,0.0,2.6,0.0
7684,0.0,0.0,0.0,0.0,0.0,2.6,0.0
7685,0.0,0.0,0.0,0.0,0.0,2.6,0.0
7686,0.0,0.0,0.0,0.0,0.0,2.6,0.0
7687,0.0,0.0,0.0,0.0,0.0,2.6,0.0
7688,0.0,0.0,0.0,0.0,0.0,2.6,0.0
7689,0.0,0.0,0.0,0.0,0.0,2.6,0.0
7690,0.0,0.0,0.007,0.0,0.0,2.6,0.0
7691,0.0,0.0,0.154,0.0,0.0,2.6,0.0
7692,0.0,0.0,0.371,0.0,0.0,2.6,0.0
7693,0.0,0.0,0.48300000000000004,0.0,0.0,2.6,0.0
7694,0.0,0.0,0.364,0.0,0.0,2.6,0.0
7695,0.0,0.0,0.14,0.0,0.0,2.6,0.0
7696,0.0,0.0,0.0,0.0,0.0,2.6,0.0
7697,0.0,0.0,0.0,0.0,0.0,2.6,0.0
7698,0.0,0.0,0.0,0.0,0.0,2.6,0.0
7699,0.0,0.0,0.0,0.0,0.0,2.6,0.0
7700,0.0,0.0,0.0,0.0,0.0,2.6,0.0
7701,0.0,0.0,0.0,0.0,0.0,2.6,0.0
7702,0.0,0.0,0.0,0.0,0.0,2.6,0.0
7703,0.0,0.0,0.0,0.0,0.0,2.6,0.0
7704,0.0,0.0,0.0,0.0,0.0,2.6,0.0
7705,0.0,0.0,0.0,0.0,0.0,2.6,0.0
7706,0.0,0.0,0.0,0.0,0.0,2.6,0.0
7707,0.0,0.0,0.0,0.0,0.0,2.6,0.0
7708,0.0,0.0,0.0,0.0,0.0,2.6,0.0
7709,0.0,0.0,0.0,0.0,0.0,2.6,0.0
7710,0.0,0.0,0.0,0.0,0.0,2.6,0.0
7711,0.0,0.0,0.0,0.0,0.0,2.6,0.0
7712,0.0,0.0,0.0,0.0,0.0,2.6,0.0
7713,0.0,0.0,0.0,0.0,0.0,2.6,0.0
7714,0.0,0.0,0.0,0.0,0.0,2.6,0.0
7715,0.0,0.0,0.042,0.0,0.0,2.6,0.0
7716,0.0,0.0,0.042,0.0,0.0,2.6,0.0
7717,0.0,0.0,0.042,0.0,0.0,2.6,0.0
7718,0.0,0.0,0.028,0.0,0.0,2.6,0.0
7719,0.0,0.0,0.007,0.0,0.0,2.6,0.0
7720,0.0,0.0,0.0,0.0,0.0,2.6,0.0
7721,0.0,0.0,0.0,0.0,0.0,2.6,0.0
7722,0.0,0.0,0.0,0.0,0.0,2.6,0.0
7723,0.0,0.0,0.0,0.0,0.0,2.6,0.0
7724,0.0,0.0,0.0,0.0,0.0,2.6,0.0
7725,0.0,0.0,0.0,0.0,0.0,2.6,0.0
7726,0.0,0.0,0.0,0.0,0.0,2.6,0.0
7727,0.0,0.0,0.0,0.0,0.0,2.6,0.0
7728,0.0,0.0,0.0,0.0,0.0,2.6,0.0
7729,0.0,0.0,0.0,0.0,0.0,2.6,0.0
7730,0.0,0.0,0.0,0.0,0.0,2.6,0.0
7731,0.0,0.0,0.0,0.0,0.0,2.6,0.0
7732,0.0,0.0,0.0,0.0,0.0,2.6,0.0
7733,0.0,0.0,0.0,0.0,0.0,2.6,0.0
7734,0.0,0.0,0.0,0.0,0.0,2.6,0.0
7735,0.0,0.0,0.0,0.0,0.0,2.6,0.0
7736,0.0,0.0,0.0,0.0,0.0,2.6,0.0
7737,0.0,0.0,0.0,0.0,0.0,2.6,0.0
7738,0.0,0.0,0.0,0.0,0.0,2.6,0.0
7739,0.0,0.0,0.028,0.0,0.0,2.6,0.0
7740,0.0,0.0,0.07,0.0,0.0,2.6,0.0
7741,0.0,0.0,0.084,0.0,0.0,2.6,0.0
7742,0.0,0.0,0.077,0.0,0.0,2.6,0.0
7743,0.0,0.0,0.014,0.0,0.0,2.6,0.0
7744,0.0,0.0,0.0,0.0,0.0,2.6,0.0
7745,0.0,0.0,0.0,0.0,0.0,2.6,0.0
7746,0.0,0.0,0.0,0.0,0.0,2.6,0.0
7747,0.0,0.0,0.0,0.0,0.0,2.6,0.0
7748,0.0,0.0,0.0,0.0,0.0,2.6,0.0
7749,0.0,0.0,0.0,0.0,0.0,2.6,0.0
7750,0.0,0.0,0.0,0.0,0.0,2.6,0.0
7751,0.0,0.0,0.0,0.0,0.0,2.6,0.0
7752,0.0,0.0,0.0,0.0,0.0,2.6,0.0
7753,0.0,0.0,0.0,0.0,0.0,2.6,0.0
7754,0.0,0.0,0.0,0.0,0.0,2.6,0.0
7755,0.0,0.0,0.0,0.0,0.0,2.6,0.0
7756,0.0,0.0,0.0,0.0,0.0,2.6,0.0
7757,0.0,0.0,0.0,0.0,0.0,2.6,0.0
7758,0.0,0.0,0.0,0.0,0.0,2.6,0.0
7759,0.0,0.0,0.0,0.0,0.0,2.6,0.0
7760,0.0,0.0,0.0,0.0,0.0,2.6,0.0
7761,0.0,0.0,0.0,0.0,0.0,2.6,0.0
7762,0.0,0.0,0.07,0.0,0.0,2.6,0.0
7763,0.0,0.0,0.784,0.0,0.0,2.6,0.0
7764,0.0,0.0,1.701,0.0,0.0,2.6,0.0
7765,0.0,0.0,2.065,0.0,0.0,2.6,0.0
7766,0.0,0.0,1.862,0.0,0.0,2.6,0.0
7767,0.0,0.0,1.05,0.0,0.0,2.6,0.0
7768,0.0,0.0,0.014,0.0,0.0,2.6,0.0
7769,0.0,0.0,0.0,0.0,0.0,2.6,0.0
7770,0.0,0.0,0.0,0.0,0.0,2.6,0.0
7771,0.0,0.0,0.0,0.0,0.0,2.6,0.0
7772,0.0,0.0,0.0,0.0,0.0,2.6,0.0
7773,0.0,0.0,0.0,0.0,0.0,2.6,0.0
7774,0.0,0.0,0.0,0.0,0.0,2.6,0.0
7775,0.0,0.0,0.0,0.0,0.0,2.6,0.0
7776,0.0,0.0,0.0,0.0,0.0,2.6,0.0
7777,0.0,0.0,0.0,0.0,0.0,2.6,0.0
7778,0.0,0.0,0.0,0.0,0.0,2.6,0.0
7779,0.0,0.0,0.0,0.0,0.0,2.6,0.0
7780,0.0,0.0,0.0,0.0,0.0,2.6,0.0
7781,0.0,0.0,0.0,0.0,0.0,2.6,0.0
7782,0.0,0.0,0.0,0.0,0.0,2.6,0.0
7783,0.0,0.0,0.0,0.0,0.0,2.6,0.0
7784,0.0,0.0,0.0,0.0,0.0,2.6,0.0
7785,0.0,0.0,0.0,0.0,0.0,2.6,0.0
7786,0.0,0.0,0.021,0.0,0.0,2.6,0.0
7787,0.0,0.0,0.518,0.0,0.0,2.6,0.0
7788,0.0,0.0,1.302,0.0,0.0,2.6,0.0
7789,0.0,0.0,1.512,0.0,0.0,2.6,0.0
7790,0.0,0.0,1.1900000000000002,0.0,0.0,2.6,0.0
7791,0.0,0.0,0.49000000000000005,0.0,0.0,2.6,0.0
7792,0.0,0.0,0.0,0.0,0.0,2.6,0.0
7793,0.0,0.0,0.0,0.0,0.0,2.6,0.0
7794,0.0,0.0,0.0,0.0,0.0,2.6,0.0
7795,0.0,0.0,0.0,0.0,0.0,2.6,0.0
7796,0.0,0.0,0.0,0.0,0.0,2.6,0.0
7797,0.0,0.0,0.0,0.0,0.0,2.6,0.0
7798,0.0,0.0,0.0,0.0,0.0,2.6,0.0
7799,0.0,0.0,0.0,0.0,0.0,2.6,0.0
7800,0.0,0.0,0.0,0.0,0.0,2.6,0.0
7801,0.0,0.0,0.0,0.0,0.0,2.6,0.0
7802,0.0,0.0,0.0,0.0,0.0,2.6,0.0
7803,0.0,0.0,0.0,0.0,0.0,2.6,0.0
7804,0.0,0.0,0.0,0.0,0.0,2.6,0.0
7805,0.0,0.0,0.0,0.0,0.0,2.6,0.0
7806,0.0,0.0,0.0,0.0,0.0,2.6,0.0
7807,0.0,0.0,0.0,0.0,0.0,2.6,0.0
7808,0.0,0.0,0.0,0.0,0.0,2.6,0.0
7809,0.0,0.0,0.0,0.0,0.0,2.6,0.0
7810,0.0,0.0,0.042,0.0,0.0,2.6,0.0
7811,0.0,0.0,0.7070000000000001,0.0,0.0,2.6,0.0
7812,0.0,0.0,1.337,0.0,0.0,2.6,0.0
7813,0.0,0.0,1.596,0.0,0.0,2.6,0.0
7814,0.0,0.0,1.372,0.0,0.0,2.6,0.0
7815,0.0,0.0,0.679,0.0,0.0,2.6,0.0
7816,0.0,0.0,0.0,0.0,0.0,2.6,0.0
7817,0.0,0.0,0.0,0.0,0.0,2.6,0.0
7818,0.0,0.0,0.0,0.0,0.0,2.6,0.0
7819,0.0,0.0,0.0,0.0,0.0,2.6,0.0
7820,0.0,0.0,0.0,0.0,0.0,2.6,0.0
7821,0.0,0.0,0.0,0.0,0.0,2.6,0.0
7822,0.0,0.0,0.0,0.0,0.0,2.6,0.0
7823,0.0,0.0,0.0,0.0,0.0,2.6,0.0
7824,0.0,0.0,0.0,0.0,0.0,2.6,0.0
7825,0.0,0.0,0.0,0.0,0.0,2.6,0.0
7826,0.0,0.0,0.0,0.0,0.0,2.6,0.0
7827,0.0,0.0,0.0,0.0,0.0,2.6,0.0
7828,0.0,0.0,0.0,0.0,0.0,2.6,0.0
7829,0.0,0.0,0.0,0.0,0.0,2.6,0.0
7830,0.0,0.0,0.0,0.0,0.0,2.6,0.0
7831,0.0,0.0,0.0,0.0,0.0,2.6,0.0
7832,0.0,0.0,0.0,0.0,0.0,2.6,0.0
7833,0.0,0.0,0.0,0.0,0.0,2.6,0.0
7834,0.0,0.0,0.0,0.0,0.0,2.6,0.0
7835,0.0,0.0,0.273,0.0,0.0,2.6,0.0
7836,0.0,0.0,0.756,0.0,0.0,2.6,0.0
7837,0.0,0.3285214762854836,0.25947852371451646,0.3285214762854836,0.0,2.912095402471209,0.0
7838,0.0,0.0,0.217,0.0,0.0,2.912095402471209,0.0
7839,0.0,0.0,0.028,0.0,0.0,2.912095402471209,0.0
7840,0.0,0.0,0.0,0.0,0.0,2.912095402471209,0.0
7841,0.0,0.0,0.0,0.0,0.0,2.912095402471209,0.0
7842,0.0,0.0,0.0,0.0,0.0,2.912095402471209,0.0
7843,0.0,0.0,0.0,0.0,0.0,2.912095402471209,0.0
7844,0.0,0.0,0.0,0.0,0.0,2.912095402471209,0.0
7845,0.0,0.0,0.0,0.0,0.0,2.912095402471209,0.0
7846,0.0,0.0,0.0,0.0,0.0,2.912095402471209,0.0
7847,0.0,0.0,0.0,0.0,0.0,2.912095402471209,0.0
7848,0.0,0.0,0.0,0.0,0.0,2.912095402471209,0.0
7849,0.0,0.0,0.0,0.0,0.0,2.912095402471209,0.0
7850,0.0,0.0,0.0,0.0,0.0,2.912095402471209,0.0
7851,0.0,0.0,0.0,0.0,0.0,2.912095402471209,0.0
7852,0.0,0.0,0.0,0.0,0.0,2.912095402471209,0.0
7853,0.0,0.0,0.0,0.0,0.0,2.912095402471209,0.0
7854,0.0,0.0,0.0,0.0,0.0,2.912095402471209,0.0
7855,0.0,0.0,0.0,0.0,0.0,2.912095402471209,0.0
7856,0.0,0.0,0.0,0.0,0.0,2.912095402471209,0.0
7857,0.0,0.0,0.0,0.0,0.0,2.912095402471209,0.0
7858,0.0,0.0,0.007,0.0,0.0,2.912095402471209,0.0
7859,0.0,0.0,0.406,0.0,0.0,2.912095402471209,0.0
7860,0.0,0.0,0.7000000000000001,0.0,0.0,2.912095402471209,0.0
7861,0.0,0.0,0.5950000000000001,0.0,0.0,2.912095402471209,0.0
7862,0.0,0.0,0.385,0.0,0.0,2.912095402471209,0.0
7863,0.0,0.0,0.161,0.0,0.0,2.912095402471209,0.0
7864,0.0,0.0,0.0,0.0,0.0,2.912095402471209,0.0
7865,0.0,0.0,0.0,0.0,0.0,2.912095402471209,0.0
7866,0.0,0.0,0.0,0.0,0.0,2.912095402471209,0.0
7867,0.0,0.0,0.0,0.0,0.0,2.912095402471209,0.0
7868,0.0,0.0,0.0,0.0,0.0,2.912095402471209,0.0
7869,0.0,0.0,0.0,0.0,0.0,2.912095402471209,0.0
7870,0.0,0.0,0.0,0.0,0.0,2.912095402471209,0.0
7871,0.0,0.0,0.0,0.0,0.0,2.912095402471209,0.0
7872,0.0,0.0,0.0,0.0,0.0,2.912095402471209,0.0
7873,0.0,0.0,0.0,0.0,0.0,2.912095402471209,0.0
7874,0.0,0.0,0.0,0.0,0.0,2.912095402471209,0.0
7875,0.0,0.0,0.0,0.0,0.0,2.912095402471209,0.0
7876,0.0,0.0,0.0,0.0,0.0,2.912095402471209,0.0
7877,0.0,0.0,0.0,0.0,0.0,2.912095402471209,0.0
7878,0.0,0.0,0.0,0.0,0.0,2.912095402471209,0.0
7879,0.0,0.0,0.0,0.0,0.0,2.912095402471209,0.0
7880,0.0,0.0,0.0,0.0,0.0,2.912095402471209,0.0
7881,0.0,0.0,0.0,0.0,0.0,2.912095402471209,0.0
7882,0.0,0.0,0.0,0.0,0.0,2.912095402471209,0.0
7883,0.0,0.0,0.014,0.0,0.0,2.912095402471209,0.0
7884,0.0,0.0,0.049,0.0,0.0,2.912095402471209,0.0
7885,0.0,0.0,0.063,0.0,0.0,2.912095402471209,0.0
7886,0.0,0.0,0.042,0.0,0.0,2.912095402471209,0.0
7887,0.0,0.0,0.007,0.0,0.0,2.912095402471209,0.0
7888,0.0,0.0,0.0,0.0,0.0,2.912095402471209,0.0
7889,0.0,0.0,0.0,0.0,0.0,2.912095402471209,0.0
7890,0.0,0.0,0.0,0.0,0.0,2.912095402471209,0.0
7891,0.0,0.0,0.0,0.0,0.0,2.912095402471209,0.0
7892,0.0,0.0,0.0,0.0,0.0,2.912095402471209,0.0
7893,0.0,0.0,0.0,0.0,0.0,2.912095402471209,0.0
7894,0.0,0.0,0.0,0.0,0.0,2.912095402471209,0.0
7895,0.0,0.0,0.0,0.0,0.0,2.912095402471209,0.0
7896,0.0,0.0,0.0,0.0,0.0,2.912095402471209,0.0
7897,0.0,0.0,0.0,0.0,0.0,2.912095402471209,0.0
7898,0.0,0.0,0.0,0.0,0.0,2.912095402471209,0.0
7899,0.0,0.0,0.0,0.0,0.0,2.912095402471209,0.0
7900,0.0,0.0,0.0,0.0,0.0,2.912095402471209,0.0
7901,0.0,0.0,0.0,0.0,0.0,2.912095402471209,0.0
7902,0.0,0.0,0.0,0.0,0.0,2.912095402471209,0.0
7903,0.0,0.0,0.0,0.0,0.0,2.912095402471209,0.0
7904,0.0,0.0,0.0,0.0,0.0,2.912095402471209,0.0
7905,0.0,0.0,0.0,0.0,0.0,2.912095402471209,0.0
7906,0.0,0.0,0.0,0.0,0.0,2.912095402471209,0.0
7907,0.0,0.0,0.007,0.0,0.0,2.912095402471209,0.0
7908,0.0,0.0,0.035,0.0,0.0,2.912095402471209,0.0
7909,0.0,0.0,0.049,0.0,0.0,2.912095402471209,0.0
7910,0.0,0.0,0.035,0.0,0.0,2.912095402471209,0.0
7911,0.0,0.0,0.0,0.0,0.0,2.912095402471209,0.0
7912,0.0,0.0,0.0,0.0,0.0,2.912095402471209,0.0
7913,0.0,0.0,0.0,0.0,0.0,2.912095402471209,0.0
7914,0.0,0.0,0.0,0.0,0.0,2.912095402471209,0.0
7915,0.0,0.0,0.0,0.0,0.0,2.912095402471209,0.0
7916,0.0,0.0,0.0,0.0,0.0,2.912095402471209,0.0
7917,0.0,0.0,0.0,0.0,0.0,2.912095402471209,0.0
7918,0.0,0.0,0.0,0.0,0.0,2.912095402471209,0.0
7919,0.0,0.0,0.0,0.0,0.0,2.912095402471209,0.0
7920,0.0,0.0,0.0,0.0,0.0,2.912095402471209,0.0
7921,0.0,0.0,0.0,0.0,0.0,2.912095402471209,0.0
7922,0.0,0.0,0.0,0.0,0.0,2.912095402471209,0.0
7923,0.0,0.0,0.0,0.0,0.0,2.912095402471209,0.0
7924,0.0,0.0,0.0,0.0,0.0,2.912095402471209,0.0
7925,0.0,0.0,0.0,0.0,0.0,2.912095402471209,0.0
7926,0.0,0.0,0.0,0.0,0.0,2.912095402471209,0.0
7927,0.0,0.0,0.0,0.0,0.0,2.912095402471209,0.0
7928,0.0,0.0,0.0,0.0,0.0,2.912095402471209,0.0
7929,0.0,0.0,0.0,0.0,0.0,2.912095402471209,0.0
7930,0.0,0.0,0.0,0.0,0.0,2.912095402471209,0.0
7931,0.0,0.0,0.231,0.0,0.0,2.912095402471209,0.0
7932,0.0,0.0,0.48300000000000004,0.0,0.0,2.912095402471209,0.0
7933,0.0,0.0,0.462,0.0,0.0,2.912095402471209,0.0
7934,0.0,0.0,0.301,0.0,0.0,2.912095402471209,0.0
7935,0.0,0.0,0.112,0.0,0.0,2.912095402471209,0.0
7936,0.0,0.0,0.0,0.0,0.0,2.912095402471209,0.0
7937,0.0,0.0,0.0,0.0,0.0,2.912095402471209,0.0
7938,0.0,0.0,0.0,0.0,0.0,2.912095402471209,0.0
7939,0.0,0.0,0.0,0.0,0.0,2.912095402471209,0.0
7940,0.0,0.0,0.0,0.0,0.0,2.912095402471209,0.0
7941,0.0,0.0,0.0,0.0,0.0,2.912095402471209,0.0
7942,0.0,0.0,0.0,0.0,0.0,2.912095402471209,0.0
7943,0.0,0.0,0.0,0.0,0.0,2.912095402471209,0.0
7944,0.0,0.0,0.0,0.0,0.0,2.912095402471209,0.0
7945,0.0,0.0,0.0,0.0,0.0,2.912095402471209,0.0
7946,0.0,0.0,0.0,0.0,0.0,2.912095402471209,0.0
7947,0.0,0.0,0.0,0.0,0.0,2.912095402471209,0.0
7948,0.0,0.0,0.0,0.0,0.0,2.912095402471209,0.0
7949,0.0,0.0,0.0,0.0,0.0,2.912095402471209,0.0
7950,0.0,0.0,0.0,0.0,0.0,2.912095402471209,0.0
7951,0.0,0.0,0.0,0.0,0.0,2.912095402471209,0.0
7952,0.0,0.0,0.0,0.0,0.0,2.912095402471209,0.0
7953,0.0,0.0,0.0,0.0,0.0,2.912095402471209,0.0
7954,0.0,0.0,0.0,0.0,0.0,2.912095402471209,0.0
7955,0.0,0.0,0.168,0.0,0.0,2.912095402471209,0.0
7956,0.0,0.0,0.5810000000000001,0.0,0.0,2.912095402471209,0.0
7957,0.0,0.0,0.756,0.0,0.0,2.912095402471209,0.0
7958,0.0,0.0,0.49000000000000005,0.0,0.0,2.912095402471209,0.0
7959,0.0,0.0,0.11900000000000001,0.0,0.0,2.912095402471209,0.0
7960,0.0,0.0,0.0,0.0,0.0,2.912095402471209,0.0
7961,0.0,0.0,0.0,0.0,0.0,2.912095402471209,0.0
7962,0.0,0.0,0.0,0.0,0.0,2.912095402471209,0.0
7963,0.0,0.0,0.0,0.0,0.0,2.912095402471209,0.0
7964,0.0,0.0,0.0,0.0,0.0,2.912095402471209,0.0
7965,0.0,0.0,0.0,0.0,0.0,2.912095402471209,0.0
7966,0.0,0.0,0.0,0.0,0.0,2.912095402471209,0.0
7967,0.0,0.0,0.0,0.0,0.0,2.912095402471209,0.0
7968,0.0,0.0,0.0,0.0,0.0,2.912095402471209,0.0
7969,0.0,0.0,0.0,0.0,0.0,2.912095402471209,0.0
7970,0.0,0.0,0.0,0.0,0.0,2.912095402471209,0.0
7971,0.0,0.0,0.0,0.0,0.0,2.912095402471209,0.0
7972,0.0,0.0,0.0,0.0,0.0,2.912095402471209,0.0
7973,0.0,0.0,0.0,0.0,0.0,2.912095402471209,0.0
7974,0.0,0.0,0.0,0.0,0.0,2.912095402471209,0.0
7975,0.0,0.0,0.0,0.0,0.0,2.912095402471209,0.0
7976,0.0,0.0,0.0,0.0,0.0,2.912095402471209,0.0
7977,0.0,0.0,0.0,0.0,0.0,2.912095402471209,0.0
7978,0.0,0.0,0.0,0.0,0.0,2.912095402471209,0.0
7979,0.0,0.0,0.007,0.0,0.0,2.912095402471209,0.0
7980,0.0,0.0,0.063,0.0,0.0,2.912095402471209,0.0
7981,0.0,0.0,0.084,0.0,0.0,2.912095402471209,0.0
7982,0.0,0.0,0.07,0.0,0.0,2.912095402471209,0.0
7983,0.0,0.0,0.007,0.0,0.0,2.912095402471209,0.0
7984,0.0,0.0,0.0,0.0,0.0,2.912095402471209,0.0
7985,0.0,0.0,0.0,0.0,0.0,2.912095402471209,0.0
7986,0.0,0.0,0.0,0.0,0.0,2.912095402471209,0.0
7987,0.0,0.0,0.0,0.0,0.0,2.912095402471209,0.0
7988,0.0,0.0,0.0,0.0,0.0,2.912095402471209,0.0
7989,0.0,0.0,0.0,0.0,0.0,2.912095402471209,0.0
7990,0.0,0.0,0.0,0.0,0.0,2.912095402471209,0.0
7991,0.0,0.0,0.0,0.0,0.0,2.912095402471209,0.0
7992,0.0,0.0,0.0,0.0,0.0,2.912095402471209,0.0
7993,0.0,0.0,0.0,0.0,0.0,2.912095402471209,0.0
7994,0.0,0.0,0.0,0.0,0.0,2.912095402471209,0.0
7995,0.0,0.0,0.0,0.0,0.0,2.912095402471209,0.0
7996,0.0,0.0,0.0,0.0,0.0,2.912095402471209,0.0
7997,0.0,0.0,0.0,0.0,0.0,2.912095402471209,0.0
7998,0.0,0.0,0.0,0.0,0.0,2.912095402471209,0.0
7999,0.0,0.0,0.0,0.0,0.0,2.912095402471209,0.0
8000,0.0,0.0,0.0,0.0,0.0,2.912095402471209,0.0
8001,0.0,0.0,0.0,0.0,0.0,2.912095402471209,0.0
8002,0.0,0.0,0.0,0.0,0.0,2.912095402471209,0.0
8003,0.0,0.0,0.007,0.0,0.0,2.912095402471209,0.0
8004,0.0,0.0,0.049,0.0,0.0,2.912095402471209,0.0
8005,0.0,0.0,0.077,0.0,0.0,2.912095402471209,0.0
8006,0.0,0.0,0.042,0.0,0.0,2.912095402471209,0.0
8007,0.0,0.0,0.0,0.0,0.0,2.912095402471209,0.0
8008,0.0,0.0,0.0,0.0,0.0,2.912095402471209,0.0
8009,0.0,0.0,0.0,0.0,0.0,2.912095402471209,0.0
8010,0.0,0.0,0.0,0.0,0.0,2.912095402471209,0.0
8011,0.0,0.0,0.0,0.0,0.0,2.912095402471209,0.0
8012,0.0,0.0,0.0,0.0,0.0,2.912095402471209,0.0
8013,0.0,0.0,0.0,0.0,0.0,2.912095402471209,0.0
8014,0.0,0.0,0.0,0.0,0.0,2.912095402471209,0.0
8015,0.0,0.0,0.0,0.0,0.0,2.912095402471209,0.0
8016,0.0,0.0,0.0,0.0,0.0,2.912095402471209,0.0
8017,0.0,0.0,0.0,0.0,0.0,2.912095402471209,0.0
8018,0.0,0.0,0.0,0.0,0.0,2.912095402471209,0.0
8019,0.0,0.0,0.0,0.0,0.0,2.912095402471209,0.0
8020,0.0,0.0,0.0,0.0,0.0,2.912095402471209,0.0
8021,0.0,0.0,0.0,0.0,0.0,2.912095402471209,0.0
8022,0.0,0.0,0.0,0.0,0.0,2.912095402471209,0.0
8023,0.0,0.0,0.0,0.0,0.0,2.912095402471209,0.0
8024,0.0,0.0,0.0,0.0,0.0,2.912095402471209,0.0
8025,0.0,0.0,0.0,0.0,0.0,2.912095402471209,0.0
8026,0.0,0.0,0.0,0.0,0.0,2.912095402471209,0.0
8027,0.0,0.0,0.0,0.0,0.0,2.912095402471209,0.0
8028,0.0,0.0,0.007,0.0,0.0,2.912095402471209,0.0
8029,0.0,0.0,0.014,0.0,0.0,2.912095402471209,0.0
8030,0.0,0.0,0.014,0.0,0.0,2.912095402471209,0.0
8031,0.0,0.0,0.0,0.0,0.0,2.912095402471209,0.0
8032,0.0,0.0,0.0,0.0,0.0,2.912095402471209,0.0
8033,0.0,0.0,0.0,0.0,0.0,2.912095402471209,0.0
8034,0.0,0.0,0.0,0.0,0.0,2.912095402471209,0.0
8035,0.0,0.0,0.0,0.0,0.0,2.912095402471209,0.0
8036,0.0,0.0,0.0,0.0,0.0,2.912095402471209,0.0
8037,0.0,0.0,0.0,0.0,0.0,2.912095402471209,0.0
8038,0.0,0.0,0.0,0.0,0.0,2.912095402471209,0.0
8039,0.0,0.0,0.0,0.0,0.0,2.912095402471209,0.0
8040,0.0,0.0,0.0,0.0,0.0,2.912095402471209,0.0
8041,0.0,0.0,0.0,0.0,0.0,2.912095402471209,0.0
8042,0.0,0.0,0.0,0.0,0.0,2.912095402471209,0.0
8043,0.0,0.0,0.0,0.0,0.0,2.912095402471209,0.0
8044,0.0,0.0,0.0,0.0,0.0,2.912095402471209,0.0
8045,0.0,0.0,0.0,0.0,0.0,2.912095402471209,0.0
8046,0.0,0.0,0.0,0.0,0.0,2.912095402471209,0.0
8047,0.0,0.0,0.0,0.0,0.0,2.912095402471209,0.0
8048,0.0,0.0,0.0,0.0,0.0,2.912095402471209,0.0
8049,0.0,0.0,0.0,0.0,0.0,2.912095402471209,0.0
8050,0.0,0.0,0.0,0.0,0.0,2.912095402471209,0.0
8051,0.0,0.0,0.007,0.0,0.0,2.912095402471209,0.0
8052,0.0,0.0,0.063,0.0,0.0,2.912095402471209,0.0
8053,0.0,0.0,0.084,0.0,0.0,2.912095402471209,0.0
8054,0.0,0.0,0.056,0.0,0.0,2.912095402471209,0.0
8055,0.0,0.0,0.0,0.0,0.0,2.912095402471209,0.0
8056,0.0,0.0,0.0,0.0,0.0,2.912095402471209,0.0
8057,0.0,0.0,0.0,0.0,0.0,2.912095402471209,0.0
8058,0.0,0.0,0.0,0.0,0.0,2.912095402471209,0.0
8059,0.0,0.0,0.0,0.0,0.0,2.912095402471209,0.0
8060,0.0,0.0,0.0,0.0,0.0,2.912095402471209,0.0
8061,0.0,0.0,0.0,0.0,0.0,2.912095402471209,0.0
8062,0.0,0.0,0.0,0.0,0.0,2.912095402471209,0.0
8063,0.0,0.0,0.0,0.0,0.0,2.912095402471209,0.0
8064,0.0,0.0,0.0,0.0,0.0,2.912095402471209,0.0
8065,0.0,0.0,0.0,0.0,0.0,2.912095402471209,0.0
8066,0.0,0.0,0.0,0.0,0.0,2.912095402471209,0.0
8067,0.0,0.0,0.0,0.0,0.0,2.912095402471209,0.0
8068,0.0,0.0,0.0,0.0,0.0,2.912095402471209,0.0
8069,0.0,0.0,0.0,0.0,0.0,2.912095402471209,0.0
8070,0.0,0.0,0.0,0.0,0.0,2.912095402471209,0.0
8071,0.0,0.0,0.0,0.0,0.0,2.912095402471209,0.0
8072,0.0,0.0,0.0,0.0,0.0,2.912095402471209,0.0
8073,0.0,0.0,0.0,0.0,0.0,2.912095402471209,0.0
8074,0.0,0.0,0.0,0.0,0.0,2.912095402471209,0.0
8075,0.0,0.0,0.0,0.0,0.0,2.912095402471209,0.0
8076,0.0,0.0,0.0,0.0,0.0,2.912095402471209,0.0
8077,0.0,0.0,0.0,0.0,0.0,2.912095402471209,0.0
8078,0.0,0.0,0.0,0.0,0.0,2.912095402471209,0.0
8079,0.0,0.0,0.0,0.0,0.0,2.912095402471209,0.0
8080,0.0,0.0,0.0,0.0,0.0,2.912095402471209,0.0
8081,0.0,0.0,0.0,0.0,0.0,2.912095402471209,0.0
8082,0.0,0.0,0.0,0.0,0.0,2.912095402471209,0.0
8083,0.0,0.0,0.0,0.0,0.0,2.912095402471209,0.0
8084,0.0,0.0,0.0,0.0,0.0,2.912095402471209,0.0
8085,0.0,0.0,0.0,0.0,0.0,2.912095402471209,0.0
8086,0.0,0.0,0.0,0.0,0.0,2.912095402471209,0.0
8087,0.0,0.0,0.0,0.0,0.0,2.912095402471209,0.0
8088,0.0,0.0,0.0,0.0,0.0,2.912095402471209,0.0
8089,0.0,0.0,0.0,0.0,0.0,2.912095402471209,0.0
8090,0.0,0.0,0.0,0.0,0.0,2.912095402471209,0.0
8091,0.0,0.0,0.0,0.0,0.0,2.912095402471209,0.0
8092,0.0,0.0,0.0,0.0,0.0,2.912095402471209,0.0
8093,0.0,0.0,0.0,0.0,0.0,2.912095402471209,0.0
8094,0.0,0.0,0.0,0.0,0.0,2.912095402471209,0.0
8095,0.0,0.0,0.0,0.0,0.0,2.912095402471209,0.0
8096,0.0,0.0,0.0,0.0,0.0,2.912095402471209,0.0
8097,0.0,0.0,0.0,0.0,0.0,2.912095402471209,0.0
8098,0.0,0.0,0.0,0.0,0.0,2.912095402471209,0.0
8099,0.0,0.0,0.014,0.0,0.0,2.912095402471209,0.0
8100,0.0,0.0,0.049,0.0,0.0,2.912095402471209,0.0
8101,0.0,0.0,0.049,0.0,0.0,2.912095402471209,0.0
8102,0.0,0.0,0.049,0.0,0.0,2.912095402471209,0.0
8103,0.0,0.0,0.0,0.0,0.0,2.912095402471209,0.0
8104,0.0,0.0,0.0,0.0,0.0,2.912095402471209,0.0
8105,0.0,0.0,0.0,0.0,0.0,2.912095402471209,0.0
8106,0.0,0.0,0.0,0.0,0.0,2.912095402471209,0.0
8107,0.0,0.0,0.0,0.0,0.0,2.912095402471209,0.0
8108,0.0,0.0,0.0,0.0,0.0,2.912095402471209,0.0
8109,0.0,0.0,0.0,0.0,0.0,2.912095402471209,0.0
8110,0.0,0.0,0.0,0.0,0.0,2.912095402471209,0.0
8111,0.0,0.0,0.0,0.0,0.0,2.912095402471209,0.0
8112,0.0,0.0,0.0,0.0,0.0,2.912095402471209,0.0
8113,0.0,0.0,0.0,0.0,0.0,2.912095402471209,0.0
8114,0.0,0.0,0.0,0.0,0.0,2.912095402471209,0.0
8115,0.0,0.0,0.0,0.0,0.0,2.912095402471209,0.0
8116,0.0,0.0,0.0,0.0,0.0,2.912095402471209,0.0
8117,0.0,0.0,0.0,0.0,0.0,2.912095402471209,0.0
8118,0.0,0.0,0.0,0.0,0.0,2.912095402471209,0.0
8119,0.0,0.0,0.0,0.0,0.0,2.912095402471209,0.0
8120,0.0,0.0,0.0,0.0,0.0,2.912095402471209,0.0
8121,0.0,0.0,0.0,0.0,0.0,2.912095402471209,0.0
8122,0.0,0.0,0.0,0.0,0.0,2.912095402471209,0.0
8123,0.0,0.0,0.0,0.0,0.0,2.912095402471209,0.0
8124,0.0,0.0,0.007,0.0,0.0,2.912095402471209,0.0
8125,0.0,0.0,0.042,0.0,0.0,2.912095402471209,0.0
8126,0.0,0.0,0.014,0.0,0.0,2.912095402471209,0.0
8127,0.0,0.0,0.0,0.0,0.0,2.912095402471209,0.0
8128,0.0,0.0,0.0,0.0,0.0,2.912095402471209,0.0
8129,0.0,0.0,0.0,0.0,0.0,2.912095402471209,0.0
8130,0.0,0.0,0.0,0.0,0.0,2.912095402471209,0.0
8131,0.0,0.0,0.0,0.0,0.0,2.912095402471209,0.0
8132,0.0,0.0,0.0,0.0,0.0,2.912095402471209,0.0
8133,0.0,0.0,0.0,0.0,0.0,2.912095402471209,0.0
8134,0.0,0.0,0.0,0.0,0.0,2.912095402471209,0.0
8135,0.0,0.0,0.0,0.0,0.0,2.912095402471209,0.0
8136,0.0,0.0,0.0,0.0,0.0,2.912095402471209,0.0
8137,0.0,0.0,0.0,0.0,0.0,2.912095402471209,0.0
8138,0.0,0.0,0.0,0.0,0.0,2.912095402471209,0.0
8139,0.0,0.0,0.0,0.0,0.0,2.912095402471209,0.0
8140,0.0,0.0,0.0,0.0,0.0,2.912095402471209,0.0
8141,0.0,0.0,0.0,0.0,0.0,2.912095402471209,0.0
8142,0.0,0.0,0.0,0.0,0.0,2.912095402471209,0.0
8143,0.0,0.0,0.0,0.0,0.0,2.912095402471209,0.0
8144,0.0,0.0,0.0,0.0,0.0,2.912095402471209,0.0
8145,0.0,0.0,0.0,0.0,0.0,2.912095402471209,0.0
8146,0.0,0.0,0.0,0.0,0.0,2.912095402471209,0.0
8147,0.0,0.0,0.007,0.0,0.0,2.912095402471209,0.0
8148,0.0,0.0,0.07,0.0,0.0,2.912095402471209,0.0
8149,0.0,0.0,0.091,0.0,0.0,2.912095402471209,0.0
8150,0.0,0.0,0.042,0.0,0.0,2.912095402471209,0.0
8151,0.0,0.0,0.0,0.0,0.0,2.912095402471209,0.0
8152,0.0,0.0,0.0,0.0,0.0,2.912095402471209,0.0
8153,0.0,0.0,0.0,0.0,0.0,2.912095402471209,0.0
8154,0.0,0.0,0.0,0.0,0.0,2.912095402471209,0.0
8155,0.0,0.0,0.0,0.0,0.0,2.912095402471209,0.0
8156,0.0,0.0,0.0,0.0,0.0,2.912095402471209,0.0
8157,0.0,0.0,0.0,0.0,0.0,2.912095402471209,0.0
8158,0.0,0.0,0.0,0.0,0.0,2.912095402471209,0.0
8159,0.0,0.0,0.0,0.0,0.0,2.912095402471209,0.0
8160,0.0,0.0,0.0,0.0,0.0,2.912095402471209,0.0
8161,0.0,0.0,0.0,0.0,0.0,2.912095402471209,0.0
8162,0.0,0.0,0.0,0.0,0.0,2.912095402471209,0.0
8163,0.0,0.0,0.0,0.0,0.0,2.912095402471209,0.0
8164,0.0,0.0,0.0,0.0,0.0,2.912095402471209,0.0
8165,0.0,0.0,0.0,0.0,0.0,2.912095402471209,0.0
8166,0.0,0.0,0.0,0.0,0.0,2.912095402471209,0.0
8167,0.0,0.0,0.0,0.0,0.0,2.912095402471209,0.0
8168,0.0,0.0,0.0,0.0,0.0,2.912095402471209,0.0
8169,0.0,0.0,0.0,0.0,0.0,2.912095402471209,0.0
8170,0.0,0.0,0.0,0.0,0.0,2.912095402471209,0.0
8171,0.0,0.0,0.0,0.0,0.0,2.912095402471209,0.0
8172,0.0,0.0,0.063,0.0,0.0,2.912095402471209,0.0
8173,0.0,0.0,0.112,0.0,0.0,2.912095402471209,0.0
8174,0.0,0.0,0.056,0.0,0.0,2.912095402471209,0.0
8175,0.0,0.0,0.0,0.0,0.0,2.912095402471209,0.0
8176,0.0,0.0,0.0,0.0,0.0,2.912095402471209,0.0
8177,0.0,0.0,0.0,0.0,0.0,2.912095402471209,0.0
8178,0.0,0.0,0.0,0.0,0.0,2.912095402471209,0.0
8179,0.0,0.0,0.0,0.0,0.0,2.912095402471209,0.0
8180,0.0,0.0,0.0,0.0,0.0,2.912095402471209,0.0
8181,0.0,0.0,0.0,0.0,0.0,2.912095402471209,0.0
8182,0.0,0.0,0.0,0.0,0.0,2.912095402471209,0.0
8183,0.0,0.0,0.0,0.0,0.0,2.912095402471209,0.0
8184,0.0,0.0,0.0,0.0,0.0,2.912095402471209,0.0
8185,0.0,0.0,0.0,0.0,0.0,2.912095402471209,0.0
8186,0.0,0.0,0.0,0.0,0.0,2.912095402471209,0.0
8187,0.0,0.0,0.0,0.0,0.0,2.912095402471209,0.0
8188,0.0,0.0,0.0,0.0,0.0,2.912095402471209,0.0
8189,0.0,0.0,0.0,0.0,0.0,2.912095402471209,0.0
8190,0.0,0.0,0.0,0.0,0.0,2.912095402471209,0.0
8191,0.0,0.0,0.0,0.0,0.0,2.912095402471209,0.0
8192,0.0,0.0,0.0,0.0,0.0,2.912095402471209,0.0
8193,0.0,0.0,0.0,0.0,0.0,2.912095402471209,0.0
8194,0.0,0.0,0.0,0.0,0.0,2.912095402471209,0.0
8195,0.0,0.0,0.0,0.0,0.0,2.912095402471209,0.0
8196,0.0,0.0,0.007,0.0,0.0,2.912095402471209,0.0
8197,0.0,0.0,0.014,0.0,0.0,2.912095402471209,0.0
8198,0.0,0.0,0.007,0.0,0.0,2.912095402471209,0.0
8199,0.0,0.0,0.0,0.0,0.0,2.912095402471209,0.0
8200,0.0,0.0,0.0,0.0,0.0,2.912095402471209,0.0
8201,0.0,0.0,0.0,0.0,0.0,2.912095402471209,0.0
8202,0.0,0.0,0.0,0.0,0.0,2.912095402471209,0.0
8203,0.0,0.0,0.0,0.0,0.0,2.912095402471209,0.0
8204,0.0,0.0,0.0,0.0,0.0,2.912095402471209,0.0
8205,0.0,0.0,0.0,0.0,0.0,2.912095402471209,0.0
8206,0.0,0.0,0.0,0.0,0.0,2.912095402471209,0.0
8207,0.0,0.0,0.0,0.0,0.0,2.912095402471209,0.0
8208,0.0,0.0,0.0,0.0,0.0,2.912095402471209,0.0
8209,0.0,0.0,0.0,0.0,0.0,2.912095402471209,0.0
8210,0.0,0.0,0.0,0.0,0.0,2.912095402471209,0.0
8211,0.0,0.0,0.0,0.0,0.0,2.912095402471209,0.0
8212,0.0,0.0,0.0,0.0,0.0,2.912095402471209,0.0
8213,0.0,0.0,0.0,0.0,0.0,2.912095402471209,0.0
8214,0.0,0.0,0.0,0.0,0.0,2.912095402471209,0.0
8215,0.0,0.0,0.0,0.0,0.0,2.912095402471209,0.0
8216,0.0,0.0,0.0,0.0,0.0,2.912095402471209,0.0
8217,0.0,0.0,0.0,0.0,0.0,2.912095402471209,0.0
8218,0.0,0.0,0.0,0.0,0.0,2.912095402471209,0.0
8219,0.0,0.0,0.0,0.0,0.0,2.912095402471209,0.0
8220,0.0,0.0,0.056,0.0,0.0,2.912095402471209,0.0
8221,0.0,0.0,0.098,0.0,0.0,2.912095402471209,0.0
8222,0.0,0.0,0.056,0.0,0.0,2.912095402471209,0.0
8223,0.0,0.0,0.0,0.0,0.0,2.912095402471209,0.0
8224,0.0,0.0,0.0,0.0,0.0,2.912095402471209,0.0
8225,0.0,0.0,0.0,0.0,0.0,2.912095402471209,0.0
8226,0.0,0.0,0.0,0.0,0.0,2.912095402471209,0.0
8227,0.0,0.0,0.0,0.0,0.0,2.912095402471209,0.0
8228,0.0,0.0,0.0,0.0,0.0,2.912095402471209,0.0
8229,0.0,0.0,0.0,0.0,0.0,2.912095402471209,0.0
8230,0.0,0.0,0.0,0.0,0.0,2.912095402471209,0.0
8231,0.0,0.0,0.0,0.0,0.0,2.912095402471209,0.0
8232,0.0,0.0,0.0,0.0,0.0,2.912095402471209,0.0
8233,0.0,0.0,0.0,0.0,0.0,2.912095402471209,0.0
8234,0.0,0.0,0.0,0.0,0.0,2.912095402471209,0.0
8235,0.0,0.0,0.0,0.0,0.0,2.912095402471209,0.0
8236,0.0,0.0,0.0,0.0,0.0,2.912095402471209,0.0
8237,0.0,0.0,0.0,0.0,0.0,2.912095402471209,0.0
8238,0.0,0.0,0.0,0.0,0.0,2.912095402471209,0.0
8239,0.0,0.0,0.0,0.0,0.0,2.912095402471209,0.0
8240,0.0,0.0,0.0,0.0,0.0,2.912095402471209,0.0
8241,0.0,0.0,0.0,0.0,0.0,2.912095402471209,0.0
8242,0.0,0.0,0.0,0.0,0.0,2.912095402471209,0.0
8243,0.0,0.0,0.0,0.0,0.0,2.912095402471209,0.0
8244,0.0,0.0,0.028,0.0,0.0,2.912095402471209,0.0
8245,0.0,0.0,0.028,0.0,0.0,2.912095402471209,0.0
8246,0.0,0.0,0.007,0.0,0.0,2.912095402471209,0.0
8247,0.0,0.0,0.0,0.0,0.0,2.912095402471209,0.0
8248,0.0,0.0,0.0,0.0,0.0,2.912095402471209,0.0
8249,0.0,0.0,0.0,0.0,0.0,2.912095402471209,0.0
8250,0.0,0.0,0.0,0.0,0.0,2.912095402471209,0.0
8251,0.0,0.0,0.0,0.0,0.0,2.912095402471209,0.0
8252,0.0,0.0,0.0,0.0,0.0,2.912095402471209,0.0
8253,0.0,0.0,0.0,0.0,0.0,2.912095402471209,0.0
8254,0.0,0.0,0.0,0.0,0.0,2.912095402471209,0.0
8255,0.0,0.0,0.0,0.0,0.0,2.912095402471209,0.0
8256,0.0,0.0,0.0,0.0,0.0,2.912095402471209,0.0
8257,0.0,0.0,0.0,0.0,0.0,2.912095402471209,0.0
8258,0.0,0.0,0.0,0.0,0.0,2.912095402471209,0.0
8259,0.0,0.0,0.0,0.0,0.0,2.912095402471209,0.0
8260,0.0,0.0,0.0,0.0,0.0,2.912095402471209,0.0
8261,0.0,0.0,0.0,0.0,0.0,2.912095402471209,0.0
8262,0.0,0.0,0.0,0.0,0.0,2.912095402471209,0.0
8263,0.0,0.0,0.0,0.0,0.0,2.912095402471209,0.0
8264,0.0,0.0,0.0,0.0,0.0,2.912095402471209,0.0
8265,0.0,0.0,0.0,0.0,0.0,2.912095402471209,0.0
8266,0.0,0.0,0.0,0.0,0.0,2.912095402471209,0.0
8267,0.0,0.0,0.007,0.0,0.0,2.912095402471209,0.0
8268,0.0,0.0,0.091,0.0,0.0,2.912095402471209,0.0
8269,0.0,0.0,0.098,0.0,0.0,2.912095402471209,0.0
8270,0.0,0.0,0.077,0.0,0.0,2.912095402471209,0.0
8271,0.0,0.0,0.0,0.0,0.0,2.912095402471209,0.0
8272,0.0,0.0,0.0,0.0,0.0,2.912095402471209,0.0
8273,0.0,0.0,0.0,0.0,0.0,2.912095402471209,0.0
8274,0.0,0.0,0.0,0.0,0.0,2.912095402471209,0.0
8275,0.0,0.0,0.0,0.0,0.0,2.912095402471209,0.0
8276,0.0,0.0,0.0,0.0,0.0,2.912095402471209,0.0
8277,0.0,0.0,0.0,0.0,0.0,2.912095402471209,0.0
8278,0.0,0.0,0.0,0.0,0.0,2.912095402471209,0.0
8279,0.0,0.0,0.0,0.0,0.0,2.912095402471209,0.0
8280,0.0,0.0,0.0,0.0,0.0,2.912095402471209,0.0
8281,0.0,0.0,0.0,0.0,0.0,2.912095402471209,0.0
8282,0.0,0.0,0.0,0.0,0.0,2.912095402471209,0.0
8283,0.0,0.0,0.0,0.0,0.0,2.912095402471209,0.0
8284,0.0,0.0,0.0,0.0,0.0,2.912095402471209,0.0
8285,0.0,0.0,0.0,0.0,0.0,2.912095402471209,0.0
8286,0.0,0.0,0.0,0.0,0.0,2.912095402471209,0.0
8287,0.0,0.0,0.0,0.0,0.0,2.912095402471209,0.0
8288,0.0,0.0,0.0,0.0,0.0,2.912095402471209,0.0
8289,0.0,0.0,0.0,0.0,0.0,2.912095402471209,0.0
8290,0.0,0.0,0.0,0.0,0.0,2.912095402471209,0.0
8291,0.0,0.0,0.0,0.0,0.0,2.912095402471209,0.0
8292,0.0,0.0,0.028,0.0,0.0,2.912095402471209,0.0
8293,0.0,0.0,0.042,0.0,0.0,2.912095402471209,0.0
8294,0.0,0.0,0.021,0.0,0.0,2.912095402471209,0.0
8295,0.0,0.0,0.0,0.0,0.0,2.912095402471209,0.0
8296,0.0,0.0,0.0,0.0,0.0,2.912095402471209,0.0
8297,0.0,0.0,0.0,0.0,0.0,2.912095402471209,0.0
8298,0.0,0.0,0.0,0.0,0.0,2.912095402471209,0.0
8299,0.0,0.0,0.0,0.0,0.0,2.912095402471209,0.0
8300,0.0,0.0,0.0,0.0,0.0,2.912095402471209,0.0
8301,0.0,0.0,0.0,0.0,0.0,2.912095402471209,0.0
8302,0.0,0.0,0.0,0.0,0.0,2.912095402471209,0.0
8303,0.0,0.0,0.0,0.0,0.0,2.912095402471209,0.0
8304,0.0,0.0,0.0,0.0,0.0,2.912095402471209,0.0
8305,0.0,0.0,0.0,0.0,0.0,2.912095402471209,0.0
8306,0.0,0.0,0.0,0.0,0.0,2.912095402471209,0.0
8307,0.0,0.0,0.0,0.0,0.0,2.912095402471209,0.0
8308,0.0,0.0,0.0,0.0,0.0,2.912095402471209,0.0
8309,0.0,0.0,0.0,0.0,0.0,2.912095402471209,0.0
8310,0.0,0.0,0.0,0.0,0.0,2.912095402471209,0.0
8311,0.0,0.0,0.0,0.0,0.0,2.912095402471209,0.0
8312,0.0,0.0,0.0,0.0,0.0,2.912095402471209,0.0
8313,0.0,0.0,0.0,0.0,0.0,2.912095402471209,0.0
8314,0.0,0.0,0.0,0.0,0.0,2.912095402471209,0.0
8315,0.0,0.0,0.091,0.0,0.0,2.912095402471209,0.0
8316,0.0,0.0,0.455,0.0,0.0,2.912095402471209,0.0
8317,0.0,0.0,0.504,0.0,0.0,2.912095402471209,0.0
8318,0.0,0.0,0.252,0.0,0.0,2.912095402471209,0.0
8319,0.0,0.0,0.007,0.0,0.0,2.912095402471209,0.0
8320,0.0,0.0,0.0,0.0,0.0,2.912095402471209,0.0
8321,0.0,0.0,0.0,0.0,0.0,2.912095402471209,0.0
8322,0.0,0.0,0.0,0.0,0.0,2.912095402471209,0.0
8323,0.0,0.0,0.0,0.0,0.0,2.912095402471209,0.0
8324,0.0,0.0,0.0,0.0,0.0,2.912095402471209,0.0
8325,0.0,0.0,0.0,0.0,0.0,2.912095402471209,0.0
8326,0.0,0.0,0.0,0.0,0.0,2.912095402471209,0.0
8327,0.0,0.0,0.0,0.0,0.0,2.912095402471209,0.0
8328,0.0,0.0,0.0,0.0,0.0,2.912095402471209,0.0
8329,0.0,0.0,0.0,0.0,0.0,2.912095402471209,0.0
8330,0.0,0.0,0.0,0.0,0.0,2.912095402471209,0.0
8331,0.0,0.0,0.0,0.0,0.0,2.912095402471209,0.0
8332,0.0,0.0,0.0,0.0,0.0,2.912095402471209,0.0
8333,0.0,0.0,0.0,0.0,0.0,2.912095402471209,0.0
8334,0.0,0.0,0.0,0.0,0.0,2.912095402471209,0.0
8335,0.0,0.0,0.0,0.0,0.0,2.912095402471209,0.0
8336,0.0,0.0,0.0,0.0,0.0,2.912095402471209,0.0
8337,0.0,0.0,0.0,0.0,0.0,2.912095402471209,0.0
8338,0.0,0.0,0.0,0.0,0.0,2.912095402471209,0.0
8339,0.0,0.0,0.0,0.0,0.0,2.912095402471209,0.0
8340,0.0,0.0,0.098,0.0,0.0,2.912095402471209,0.0
8341,0.0,0.0,0.11900000000000001,0.0,0.0,2.912095402471209,0.0
8342,0.0,0.0,0.063,0.0,0.0,2.912095402471209,0.0
8343,0.0,0.0,0.0,0.0,0.0,2.912095402471209,0.0
8344,0.0,0.0,0.0,0.0,0.0,2.912095402471209,0.0
8345,0.0,0.0,0.0,0.0,0.0,2.912095402471209,0.0
8346,0.0,0.0,0.0,0.0,0.0,2.912095402471209,0.0
8347,0.0,0.0,0.0,0.0,0.0,2.912095402471209,0.0
8348,0.0,0.0,0.0,0.0,0.0,2.912095402471209,0.0
8349,0.0,0.0,0.0,0.0,0.0,2.912095402471209,0.0
8350,0.0,0.0,0.0,0.0,0.0,2.912095402471209,0.0
8351,0.0,0.0,0.0,0.0,0.0,2.912095402471209,0.0
8352,0.0,0.0,0.0,0.0,0.0,2.912095402471209,0.0
8353,0.0,0.0,0.0,0.0,0.0,2.912095402471209,0.0
8354,0.0,0.0,0.0,0.0,0.0,2.912095402471209,0.0
8355,0.0,0.0,0.0,0.0,0.0,2.912095402471209,0.0
8356,0.0,0.0,0.0,0.0,0.0,2.912095402471209,0.0
8357,0.0,0.0,0.0,0.0,0.0,2.912095402471209,0.0
8358,0.0,0.0,0.0,0.0,0.0,2.912095402471209,0.0
8359,0.0,0.0,0.0,0.0,0.0,2.912095402471209,0.0
8360,0.0,0.0,0.0,0.0,0.0,2.912095402471209,0.0
8361,0.0,0.0,0.0,0.0,0.0,2.912095402471209,0.0
8362,0.0,0.0,0.0,0.0,0.0,2.912095402471209,0.0
8363,0.0,0.0,0.021,0.0,0.0,2.912095402471209,0.0
8364,0.0,0.1323950035988484,0.0006049964011516085,0.1323950035988484,0.0,3.0378706558901154,0.0
8365,0.0,0.2020765844403476,0.0009234155596524185,0.2020765844403476,0.0,3.2298434111084457,0.0
8366,0.0,0.11149052934639868,0.0005094706536013238,0.11149052934639868,0.0,3.335759413987524,0.0
8367,0.0,0.0,0.0,0.0,0.0,3.335759413987524,0.0
8368,0.0,0.0,0.0,0.0,0.0,3.335759413987524,0.0
8369,0.0,0.0,0.0,0.0,0.0,3.335759413987524,0.0
8370,0.0,0.0,0.0,0.0,0.0,3.335759413987524,0.0
8371,0.0,0.0,0.0,0.0,0.0,3.335759413987524,0.0
8372,0.0,0.0,0.0,0.0,0.0,3.335759413987524,0.0
8373,0.0,0.0,0.0,0.0,0.0,3.335759413987524,0.0
8374,0.0,0.0,0.0,0.0,0.0,3.335759413987524,0.0
8375,0.0,0.0,0.0,0.0,0.0,3.335759413987524,0.0
8376,0.0,0.0,0.0,0.0,0.0,3.335759413987524,0.0
8377,0.0,0.0,0.0,0.0,0.0,3.335759413987524,0.0
8378,0.0,0.0,0.0,0.0,0.0,3.335759413987524,0.0
8379,0.0,0.0,0.0,0.0,0.0,3.335759413987524,0.0
8380,0.0,0.0,0.0,0.0,0.0,3.335759413987524,0.0
8381,0.0,0.0,0.0,0.0,0.0,3.335759413987524,0.0
8382,0.0,0.0,0.0,0.0,0.0,3.335759413987524,0.0
8383,0.0,0.0,0.0,0.0,0.0,3.335759413987524,0.0
8384,0.0,0.0,0.0,0.0,0.0,3.335759413987524,0.0
8385,0.0,0.0,0.0,0.0,0.0,3.335759413987524,0.0
8386,0.0,0.0,0.0,0.0,0.0,3.335759413987524,0.0
8387,0.0,0.0,0.0,0.0,0.0,3.335759413987524,0.0
8388,0.0,0.02090447425244975,9.552574755024995e-5,0.02090447425244975,0.0,3.3556186645273516,0.0
8389,0.0,0.034840790420749584,0.0001592095792504189,0.034840790420749584,0.0,3.388717415427064,0.0
8390,0.0,0.006968158084149917,3.184191585008274e-5,0.006968158084149917,0.0,3.3953371656070064,0.0
8391,0.0,0.0,0.0,0.0,0.0,3.3953371656070064,0.0
8392,0.0,0.0,0.0,0.0,0.0,3.3953371656070064,0.0
8393,0.0,0.0,0.0,0.0,0.0,3.3953371656070064,0.0
8394,0.0,0.0,0.0,0.0,0.0,3.3953371656070064,0.0
8395,0.0,0.0,0.0,0.0,0.0,3.3953371656070064,0.0
8396,0.0,0.0,0.0,0.0,0.0,3.3953371656070064,0.0
8397,0.0,0.0,0.0,0.0,0.0,3.3953371656070064,0.0
8398,0.0,0.0,0.0,0.0,0.0,3.3953371656070064,0.0
8399,0.0,0.0,0.0,0.0,0.0,3.3953371656070064,0.0
8400,0.0,0.0,0.0,0.0,0.0,3.3953371656070064,0.0
8401,0.0,0.0,0.0,0.0,0.0,3.3953371656070064,0.0
8402,0.0,0.0,0.0,0.0,0.0,3.3953371656070064,0.0
8403,0.0,0.0,0.0,0.0,0.0,3.3953371656070064,0.0
8404,0.0,0.0,0.0,0.0,0.0,3.3953371656070064,0.0
8405,0.0,0.0,0.0,0.0,0.0,3.3953371656070064,0.0
8406,0.0,0.0,0.0,0.0,0.0,3.3953371656070064,0.0
8407,0.0,0.0,0.0,0.0,0.0,3.3953371656070064,0.0
8408,0.0,0.0,0.0,0.0,0.0,3.3953371656070064,0.0
8409,0.0,0.0,0.0,0.0,0.0,3.3953371656070064,0.0
8410,0.0,0.0,0.0,0.0,0.0,3.3953371656070064,0.0
8411,0.0,0.0,0.0,0.0,0.0,3.3953371656070064,0.0
8412,0.0,0.06968158084149917,0.0003184191585008378,0.06968158084149917,0.0,3.4615346674064305,0.0
8413,0.0,0.13936316168299834,0.0006368383170016756,0.13936316168299834,0.0,3.593929671005279,0.0
8414,0.0,0.07664973892564908,0.0003502610743509188,0.07664973892564908,0.0,3.6667469229846454,0.0
8415,0.0,0.0,0.0,0.0,0.0,3.6667469229846454,0.0
8416,0.0,0.0,0.0,0.0,0.0,3.6667469229846454,0.0
8417,0.0,0.0,0.0,0.0,0.0,3.6667469229846454,0.0
8418,0.0,0.0,0.0,0.0,0.0,3.6667469229846454,0.0
8419,0.0,0.0,0.0,0.0,0.0,3.6667469229846454,0.0
8420,0.0,0.0,0.0,0.0,0.0,3.6667469229846454,0.0
8421,0.0,0.0,0.0,0.0,0.0,3.6667469229846454,0.0
8422,0.0,0.0,0.0,0.0,0.0,3.6667469229846454,0.0
8423,0.0,0.0,0.0,0.0,0.0,3.6667469229846454,0.0
8424,0.0,0.0,0.0,0.0,0.0,3.6667469229846454,0.0
8425,0.0,0.0,0.0,0.0,0.0,3.6667469229846454,0.0
8426,0.0,0.0,0.0,0.0,0.0,3.6667469229846454,0.0
8427,0.0,0.0,0.0,0.0,0.0,3.6667469229846454,0.0
8428,0.0,0.0,0.0,0.0,0.0,3.6667469229846454,0.0
8429,0.0,0.0,0.0,0.0,0.0,3.6667469229846454,0.0
8430,0.0,0.0,0.0,0.0,0.0,3.6667469229846454,0.0
8431,0.0,0.0,0.0,0.0,0.0,3.6667469229846454,0.0
8432,0.0,0.0,0.0,0.0,0.0,3.6667469229846454,0.0
8433,0.0,0.0,0.0,0.0,0.0,3.6667469229846454,0.0
8434,0.0,0.0,0.0,0.0,0.0,3.6667469229846454,0.0
8435,0.0,0.0,0.0,0.0,0.0,3.6667469229846454,0.0
8436,0.0,0.006968158084149917,3.184191585008274e-5,0.006968158084149917,0.0,3.673366673164588,0.0
8437,0.0,0.013936316168299835,6.368383170016548e-5,0.013936316168299835,0.0,3.6866061735244733,0.0
8438,0.0,0.006968158084149917,3.184191585008274e-5,0.006968158084149917,0.0,3.6932259237044156,0.0
8439,0.0,0.0,0.0,0.0,0.0,3.6932259237044156,0.0
8440,0.0,0.0,0.0,0.0,0.0,3.6932259237044156,0.0
8441,0.0,0.0,0.0,0.0,0.0,3.6932259237044156,0.0
8442,0.0,0.0,0.0,0.0,0.0,3.6932259237044156,0.0
8443,0.0,0.0,0.0,0.0,0.0,3.6932259237044156,0.0
8444,0.0,0.0,0.0,0.0,0.0,3.6932259237044156,0.0
8445,0.0,0.0,0.0,0.0,0.0,3.6932259237044156,0.0
8446,0.0,0.0,0.0,0.0,0.0,3.6932259237044156,0.0
8447,0.0,0.0,0.0,0.0,0.0,3.6932259237044156,0.0
8448,0.0,0.0,0.0,0.0,0.0,3.6932259237044156,0.0
8449,0.0,0.0,0.0,0.0,0.0,3.6932259237044156,0.0
8450,0.0,0.0,0.0,0.0,0.0,3.6932259237044156,0.0
8451,0.0,0.0,0.0,0.0,0.0,3.6932259237044156,0.0
8452,0.0,0.0,0.0,0.0,0.0,3.6932259237044156,0.0
8453,0.0,0.0,0.0,0.0,0.0,3.6932259237044156,0.0
8454,0.0,0.0,0.0,0.0,0.0,3.6932259237044156,0.0
8455,0.0,0.0,0.0,0.0,0.0,3.6932259237044156,0.0
8456,0.0,0.0,0.0,0.0,0.0,3.6932259237044156,0.0
8457,0.0,0.0,0.0,0.0,0.0,3.6932259237044156,0.0
8458,0.0,0.0,0.0,0.0,0.0,3.6932259237044156,0.0
8459,0.0,0.0,0.0,0.0,0.0,3.6932259237044156,0.0
8460,0.0,0.05574526467319934,0.0002547353268006619,0.05574526467319934,0.0,3.7461839251439546,0.0
8461,0.0,0.034840790420749584,0.0001592095792504189,0.034840790420749584,0.0,3.7792826760436666,0.0
8462,0.0,0.0,0.0,0.0,0.0,3.7792826760436666,0.0
8463,0.0,0.0,0.0,0.0,0.0,3.7792826760436666,0.0
8464,0.0,0.0,0.0,0.0,0.0,3.7792826760436666,0.0
8465,0.0,0.0,0.0,0.0,0.0,3.7792826760436666,0.0
8466,0.0,0.0,0.0,0.0,0.0,3.7792826760436666,0.0
8467,0.0,0.0,0.0,0.0,0.0,3.7792826760436666,0.0
8468,0.0,0.0,0.0,0.0,0.0,3.7792826760436666,0.0
8469,0.0,0.0,0.0,0.0,0.0,3.7792826760436666,0.0
8470,0.0,0.0,0.0,0.0,0.0,3.7792826760436666,0.0
8471,0.0,0.0,0.0,0.0,0.0,3.7792826760436666,0.0
8472,0.0,0.0,0.0,0.0,0.0,3.7792826760436666,0.0
8473,0.0,0.0,0.0,0.0,0.0,3.7792826760436666,0.0
8474,0.0,0.0,0.0,0.0,0.0,3.7792826760436666,0.0
8475,0.0,0.0,0.0,0.0,0.0,3.7792826760436666,0.0
8476,0.0,0.0,0.0,0.0,0.0,3.7792826760436666,0.0
8477,0.0,0.0,0.0,0.0,0.0,3.7792826760436666,0.0
8478,0.0,0.0,0.0,0.0,0.0,3.7792826760436666,0.0
8479,0.0,0.0,0.0,0.0,0.0,3.7792826760436666,0.0
8480,0.0,0.0,0.0,0.0,0.0,3.7792826760436666,0.0
8481,0.0,0.0,0.0,0.0,0.0,3.7792826760436666,0.0
8482,0.0,0.0,0.0,0.0,0.0,3.7792826760436666,0.0
8483,0.0,0.0,0.0,0.0,0.0,3.7792826760436666,0.0
8484,0.0,0.0,0.0,0.0,0.0,3.7792826760436666,0.0
8485,0.0,0.034840790420749584,0.0001592095792504189,0.034840790420749584,0.0,3.812381426943379,0.0
8486,0.0,0.0418089485048995,0.0001910514951004999,0.0418089485048995,0.0,3.8520999280230335,0.0
8487,0.0,0.0,0.0,0.0,0.0,3.8520999280230335,0.0
8488,0.0,0.0,0.0,0.0,0.0,3.8520999280230335,0.0
8489,0.0,0.0,0.0,0.0,0.0,3.8520999280230335,0.0
8490,0.0,0.0,0.0,0.0,0.0,3.8520999280230335,0.0
8491,0.0,0.0,0.0,0.0,0.0,3.8520999280230335,0.0
8492,0.0,0.0,0.0,0.0,0.0,3.8520999280230335,0.0
8493,0.0,0.0,0.0,0.0,0.0,3.8520999280230335,0.0
8494,0.0,0.0,0.0,0.0,0.0,3.8520999280230335,0.0
8495,0.0,0.0,0.0,0.0,0.0,3.8520999280230335,0.0
8496,0.0,0.0,0.0,0.0,0.0,3.8520999280230335,0.0
8497,0.0,0.0,0.0,0.0,0.0,3.8520999280230335,0.0
8498,0.0,0.0,0.0,0.0,0.0,3.8520999280230335,0.0
8499,0.0,0.0,0.0,0.0,0.0,3.8520999280230335,0.0
8500,0.0,0.0,0.0,0.0,0.0,3.8520999280230335,0.0
8501,0.0,0.0,0.0,0.0,0.0,3.8520999280230335,0.0
8502,0.0,0.0,0.0,0.0,0.0,3.8520999280230335,0.0
8503,0.0,0.0,0.0,0.0,0.0,3.8520999280230335,0.0
8504,0.0,0.0,0.0,0.0,0.0,3.8520999280230335,0.0
8505,0.0,0.0,0.0,0.0,0.0,3.8520999280230335,0.0
8506,0.0,0.0,0.0,0.0,0.0,3.8520999280230335,0.0
8507,0.0,0.0,0.0,0.0,0.0,3.8520999280230335,0.0
8508,0.0,0.048777106589049414,0.00022289341095058784,0.048777106589049414,0.0,3.89843817928263,0.0
8509,0.0,0.083617897009799,0.0003821029902009998,0.083617897009799,0.0,3.9778751814419393,0.0
8510,0.0,0.05574526467319934,0.0002547353268006619,0.05574526467319934,0.0,4.030833182881478,0.0
8511,0.0,0.0,0.0,0.0,0.0,4.030833182881478,0.0
8512,0.0,0.0,0.0,0.0,0.0,4.030833182881478,0.0
8513,0.0,0.0,0.0,0.0,0.0,4.030833182881478,0.0
8514,0.0,0.0,0.0,0.0,0.0,4.030833182881478,0.0
8515,0.0,0.0,0.0,0.0,0.0,4.030833182881478,0.0
8516,0.0,0.0,0.0,0.0,0.0,4.030833182881478,0.0
8517,0.0,0.0,0.0,0.0,0.0,4.030833182881478,0.0
8518,0.0,0.0,0.0,0.0,0.0,4.030833182881478,0.0
8519,0.0,0.0,0.0,0.0,0.0,4.030833182881478,0.0
8520,0.0,0.0,0.0,0.0,0.0,4.030833182881478,0.0
8521,0.0,0.0,0.0,0.0,0.0,4.030833182881478,0.0
8522,0.0,0.0,0.0,0.0,0.0,4.030833182881478,0.0
8523,0.0,0.0,0.0,0.0,0.0,4.030833182881478,0.0
8524,0.0,0.0,0.0,0.0,0.0,4.030833182881478,0.0
8525,0.0,0.0,0.0,0.0,0.0,4.030833182881478,0.0
8526,0.0,0.0,0.0,0.0,0.0,4.030833182881478,0.0
8527,0.0,0.0,0.0,0.0,0.0,4.030833182881478,0.0
8528,0.0,0.0,0.0,0.0,0.0,4.030833182881478,0.0
8529,0.0,0.0,0.0,0.0,0.0,4.030833182881478,0.0
8530,0.0,0.0,0.0,0.0,0.0,4.030833182881478,0.0
8531,0.0,0.0,0.0,0.0,0.0,4.030833182881478,0.0
8532,0.0,0.034840790420749584,0.0001592095792504189,0.034840790420749584,0.0,4.06393193378119,0.0
8533,0.0,0.048777106589049414,0.00022289341095058784,0.048777106589049414,0.0,4.110270185040787,0.0
8534,0.0,0.02090447425244975,9.552574755024995e-5,0.02090447425244975,0.0,4.1301294355806135,0.0
8535,0.0,0.0,0.0,0.0,0.0,4.1301294355806135,0.0
8536,0.0,0.0,0.0,0.0,0.0,4.1301294355806135,0.0
8537,0.0,0.0,0.0,0.0,0.0,4.1301294355806135,0.0
8538,0.0,0.0,0.0,0.0,0.0,4.1301294355806135,0.0
8539,0.0,0.0,0.0,0.0,0.0,4.1301294355806135,0.0
8540,0.0,0.0,0.0,0.0,0.0,4.1301294355806135,0.0
8541,0.0,0.0,0.0,0.0,0.0,4.1301294355806135,0.0
8542,0.0,0.0,0.0,0.0,0.0,4.1301294355806135,0.0
8543,0.0,0.0,0.0,0.0,0.0,4.1301294355806135,0.0
8544,0.0,0.0,0.0,0.0,0.0,4.1301294355806135,0.0
8545,0.0,0.0,0.0,0.0,0.0,4.1301294355806135,0.0
8546,0.0,0.0,0.0,0.0,0.0,4.1301294355806135,0.0
8547,0.0,0.0,0.0,0.0,0.0,4.1301294355806135,0.0
8548,0.0,0.0,0.0,0.0,0.0,4.1301294355806135,0.0
8549,0.0,0.0,0.0,0.0,0.0,4.1301294355806135,0.0
8550,0.0,0.0,0.0,0.0,0.0,4.1301294355806135,0.0
8551,0.0,0.0,0.0,0.0,0.0,4.1301294355806135,0.0
8552,0.0,0.0,0.0,0.0,0.0,4.1301294355806135,0.0
8553,0.0,0.0,0.0,0.0,0.0,4.1301294355806135,0.0
8554,0.0,0.0,0.0,0.0,0.0,4.1301294355806135,0.0
8555,0.0,0.013936316168299835,6.368383170016548e-5,0.013936316168299835,0.0,4.143368935940498,0.0
8556,0.0,0.18117211018789783,0.0008278898121021616,0.18117211018789783,0.0,4.315482440619002,0.0
8557,0.0,0.2090447425244975,0.0009552574755024856,0.2090447425244975,0.0,4.514074946017274,0.0
8558,0.0,0.083617897009799,0.0003821029902009998,0.083617897009799,0.0,4.593511948176583,0.0
8559,0.0,0.0,0.0,0.0,0.0,4.593511948176583,0.0
8560,0.0,0.0,0.0,0.0,0.0,4.593511948176583,0.0
8561,0.0,0.0,0.0,0.0,0.0,4.593511948176583,0.0
8562,0.0,0.0,0.0,0.0,0.0,4.593511948176583,0.0
8563,0.0,0.0,0.0,0.0,0.0,4.593511948176583,0.0
8564,0.0,0.0,0.0,0.0,0.0,4.593511948176583,0.0
8565,0.0,0.0,0.0,0.0,0.0,4.593511948176583,0.0
8566,0.0,0.0,0.0,0.0,0.0,4.593511948176583,0.0
8567,0.0,0.0,0.0,0.0,0.0,4.593511948176583,0.0
8568,0.0,0.0,0.0,0.0,0.0,4.593511948176583,0.0
8569,0.0,0.0,0.0,0.0,0.0,4.593511948176583,0.0
8570,0.0,0.0,0.0,0.0,0.0,4.593511948176583,0.0
8571,0.0,0.0,0.0,0.0,0.0,4.593511948176583,0.0
8572,0.0,0.0,0.0,0.0,0.0,4.593511948176583,0.0
8573,0.0,0.0,0.0,0.0,0.0,4.593511948176583,0.0
8574,0.0,0.0,0.0,0.0,0.0,4.593511948176583,0.0
8575,0.0,0.0,0.0,0.0,0.0,4.593511948176583,0.0
8576,0.0,0.0,0.0,0.0,0.0,4.593511948176583,0.0
8577,0.0,0.0,0.0,0.0,0.0,4.593511948176583,0.0
8578,0.0,0.0,0.0,0.0,0.0,4.593511948176583,0.0
8579,0.0,0.034840790420749584,0.0001592095792504189,0.034840790420749584,0.0,4.626610699076295,0.0
8580,0.0,0.250853691029397,0.0011463089706030272,0.250853691029397,0.0,4.864921705554223,0.0
8581,0.0,0.3065989557025963,0.0014010442974036752,0.3065989557025963,0.0,5.1561907134716884,0.0
8582,0.0,0.1602676359354481,0.0007323640645519047,0.1602676359354481,0.0,5.308444967610365,0.0
8583,0.0,0.0,0.0,0.0,0.0,5.308444967610365,0.0
8584,0.0,0.0,0.0,0.0,0.0,5.308444967610365,0.0
8585,0.0,0.0,0.0,0.0,0.0,5.308444967610365,0.0
8586,0.0,0.0,0.0,0.0,0.0,5.308444967610365,0.0
8587,0.0,0.0,0.0,0.0,0.0,5.308444967610365,0.0
8588,0.0,0.0,0.0,0.0,0.0,5.308444967610365,0.0
8589,0.0,0.0,0.0,0.0,0.0,5.308444967610365,0.0
8590,0.0,0.0,0.0,0.0,0.0,5.308444967610365,0.0
8591,0.0,0.0,0.0,0.0,0.0,5.308444967610365,0.0
8592,0.0,0.0,0.0,0.0,0.0,5.308444967610365,0.0
8593,0.0,0.0,0.0,0.0,0.0,5.308444967610365,0.0
8594,0.0,0.0,0.0,0.0,0.0,5.308444967610365,0.0
8595,0.0,0.0,0.0,0.0,0.0,5.308444967610365,0.0
8596,0.0,0.0,0.0,0.0,0.0,5.308444967610365,0.0
8597,0.0,0.0,0.0,0.0,0.0,5.308444967610365,0.0
8598,0.0,0.0,0.0,0.0,0.0,5.308444967610365,0.0
8599,0.0,0.0,0.0,0.0,0.0,5.308444967610365,0.0
8600,0.0,0.0,0.0,0.0,0.0,5.308444967610365,0.0
8601,0.0,0.0,0.0,0.0,0.0,5.308444967610365,0.0
8602,0.0,0.0,0.0,0.0,0.0,5.308444967610365,0.0
8603,0.0,0.013936316168299835,6.368383170016548e-5,0.013936316168299835,0.0,5.3216844679702495,0.0
8604,0.0,0.1323950035988484,0.0006049964011516085,0.1323950035988484,0.0,5.447459721389156,0.0
8605,0.0,0.15329947785129816,0.0007005221487018376,0.15329947785129816,0.0,5.593094225347889,0.0
8606,0.0,0.06271342275734924,0.0002865772426507568,0.06271342275734924,0.0,5.652671976967371,0.0
8607,0.0,0.0,0.0,0.0,0.0,5.652671976967371,0.0
8608,0.0,0.0,0.0,0.0,0.0,5.652671976967371,0.0
8609,0.0,0.0,0.0,0.0,0.0,5.652671976967371,0.0
8610,0.0,0.0,0.0,0.0,0.0,5.652671976967371,0.0
8611,0.0,0.0,0.0,0.0,0.0,5.652671976967371,0.0
8612,0.0,0.0,0.0,0.0,0.0,5.652671976967371,0.0
8613,0.0,0.0,0.0,0.0,0.0,5.652671976967371,0.0
8614,0.0,0.0,0.0,0.0,0.0,5.652671976967371,0.0
8615,0.0,0.0,0.0,0.0,0.0,5.652671976967371,0.0
8616,0.0,0.0,0.0,0.0,0.0,5.652671976967371,0.0
8617,0.0,0.0,0.0,0.0,0.0,5.652671976967371,0.0
8618,0.0,0.0,0.0,0.0,0.0,5.652671976967371,0.0
8619,0.0,0.0,0.0,0.0,0.0,5.652671976967371,0.0
8620,0.0,0.0,0.0,0.0,0.0,5.652671976967371,0.0
8621,0.0,0.0,0.0,0.0,0.0,5.652671976967371,0.0
8622,0.0,0.0,0.0,0.0,0.0,5.652671976967371,0.0
8623,0.0,0.0,0.0,0.0,0.0,5.652671976967371,0.0
8624,0.0,0.0,0.0,0.0,0.0,5.652671976967371,0.0
8625,0.0,0.0,0.0,0.0,0.0,5.652671976967371,0.0
8626,0.0,0.0,0.0,0.0,0.0,5.652671976967371,0.0
8627,0.0,0.0,0.0,0.0,0.0,5.652671976967371,0.0
8628,0.0,0.013936316168299835,6.368383170016548e-5,0.013936316168299835,0.0,5.6659114773272545,0.0
8629,0.0,0.02787263233659967,0.00012736766340033095,0.02787263233659967,0.0,5.692390478047025,0.0
8630,0.0,0.006968158084149917,3.184191585008274e-5,0.006968158084149917,0.0,5.699010228226967,0.0
8631,0.0,0.0,0.0,0.0,0.0,5.699010228226967,0.0
8632,0.0,0.0,0.0,0.0,0.0,5.699010228226967,0.0
8633,0.0,0.0,0.0,0.0,0.0,5.699010228226967,0.0
8634,0.0,0.0,0.0,0.0,0.0,5.699010228226967,0.0
8635,0.0,0.0,0.0,0.0,0.0,5.699010228226967,0.0
8636,0.0,0.0,0.0,0.0,0.0,5.699010228226967,0.0
8637,0.0,0.0,0.0,0.0,0.0,5.699010228226967,0.0
8638,0.0,0.0,0.0,0.0,0.0,5.699010228226967,0.0
8639,0.0,0.0,0.0,0.0,0.0,5.699010228226967,0.0
8640,0.0,0.0,0.0,0.0,0.0,5.699010228226967,0.0
8641,0.0,0.0,0.0,0.0,0.0,5.699010228226967,0.0
8642,0.0,0.0,0.0,0.0,0.0,5.699010228226967,0.0
8643,0.0,0.0,0.0,0.0,0.0,5.699010228226967,0.0
8644,0.0,0.0,0.0,0.0,0.0,5.699010228226967,0.0
8645,0.0,0.0,0.0,0.0,0.0,5.699010228226967,0.0
8646,0.0,0.0,0.0,0.0,0.0,5.699010228226967,0.0
8647,0.0,0.0,0.0,0.0,0.0,5.699010228226967,0.0
8648,0.0,0.0,0.0,0.0,0.0,5.699010228226967,0.0
8649,0.0,0.0,0.0,0.0,0.0,5.699010228226967,0.0
8650,0.0,0.0,0.0,0.0,0.0,5.699010228226967,0.0
8651,0.0,0.0418089485048995,0.0001910514951004999,0.0418089485048995,0.0,5.738728729306622,0.0
8652,0.0,0.2578218491135469,0.001178150886453122,0.2578218491135469,0.0,5.983659485964492,0.0
8653,0.0,0.3205352718708962,0.0014647281291038095,0.3205352718708962,0.0,6.288167994241844,0.0
8654,0.0,0.18814026827204774,0.0008597317279522565,0.18814026827204774,0.0,6.466901249100289,0.0
8655,0.0,0.0,0.0,0.0,0.0,6.466901249100289,0.0
8656,0.0,0.0,0.0,0.0,0.0,6.466901249100289,0.0
8657,0.0,0.0,0.0,0.0,0.0,6.466901249100289,0.0
8658,0.0,0.0,0.0,0.0,0.0,6.466901249100289,0.0
8659,0.0,0.0,0.0,0.0,0.0,6.466901249100289,0.0
8660,0.0,0.0,0.0,0.0,0.0,6.466901249100289,0.0
8661,0.0,0.0,0.0,0.0,0.0,6.466901249100289,0.0
8662,0.0,0.0,0.0,0.0,0.0,6.466901249100289,0.0
8663,0.0,0.0,0.0,0.0,0.0,6.466901249100289,0.0
8664,0.0,0.0,0.0,0.0,0.0,6.466901249100289,0.0
8665,0.0,0.0,0.0,0.0,0.0,6.466901249100289,0.0
8666,0.0,0.0,0.0,0.0,0.0,6.466901249100289,0.0
8667,0.0,0.0,0.0,0.0,0.0,6.466901249100289,0.0
8668,0.0,0.0,0.0,0.0,0.0,6.466901249100289,0.0
8669,0.0,0.0,0.0,0.0,0.0,6.466901249100289,0.0
8670,0.0,0.0,0.0,0.0,0.0,6.466901249100289,0.0
8671,0.0,0.0,0.0,0.0,0.0,6.466901249100289,0.0
8672,0.0,0.0,0.0,0.0,0.0,6.466901249100289,0.0
8673,0.0,0.0,0.0,0.0,0.0,6.466901249100289,0.0
8674,0.0,0.0,0.0,0.0,0.0,6.466901249100289,0.0
8675,0.0,0.0,0.0,0.0,0.0,6.466901249100289,0.0
8676,0.0,0.0,0.0,0.0,0.0,6.466901249100289,0.0
8677,0.0,0.013936316168299835,6.368383170016548e-5,0.013936316168299835,0.0,6.4801407494601735,0.0
8678,0.0,0.006968158084149917,3.184191585008274e-5,0.006968158084149917,0.0,6.486760499640116,0.0
8679,0.0,0.0,0.0,0.0,0.0,6.486760499640116,0.0
8680,0.0,0.0,0.0,0.0,0.0,6.486760499640116,0.0
8681,0.0,0.0,0.0,0.0,0.0,6.486760499640116,0.0
8682,0.0,0.0,0.0,0.0,0.0,6.486760499640116,0.0
8683,0.0,0.0,0.0,0.0,0.0,6.486760499640116,0.0
8684,0.0,0.0,0.0,0.0,0.0,6.486760499640116,0.0
8685,0.0,0.0,0.0,0.0,0.0,6.486760499640116,0.0
8686,0.0,0.0,0.0,0.0,0.0,6.486760499640116,0.0
8687,0.0,0.0,0.0,0.0,0.0,6.486760499640116,0.0
8688,0.0,0.0,0.0,0.0,0.0,6.486760499640116,0.0
8689,0.0,0.0,0.0,0.0,0.0,6.486760499640116,0.0
8690,0.0,0.0,0.0,0.0,0.0,6.486760499640116,0.0
8691,0.0,0.0,0.0,0.0,0.0,6.486760499640116,0.0
8692,0.0,0.0,0.0,0.0,0.0,6.486760499640116,0.0
8693,0.0,0.0,0.0,0.0,0.0,6.486760499640116,0.0
8694,0.0,0.0,0.0,0.0,0.0,6.486760499640116,0.0
8695,0.0,0.0,0.0,0.0,0.0,6.486760499640116,0.0
8696,0.0,0.0,0.0,0.0,0.0,6.486760499640116,0.0
8697,0.0,0.0,0.0,0.0,0.0,6.486760499640116,0.0
8698,0.0,0.0,0.0,0.0,0.0,6.486760499640116,0.0
8699,0.0,0.0,0.0,0.0,0.0,6.486760499640116,0.0
8700,0.0,0.0,0.0,0.0,0.0,6.486760499640116,0.0
8701,0.0,0.0,0.0,0.0,0.0,6.486760499640116,0.0
8702,0.0,0.0,0.0,0.0,0.0,6.486760499640116,0.0
8703,0.0,0.0,0.0,0.0,0.0,6.486760499640116,0.0
8704,0.0,0.0,0.0,0.0,0.0,6.486760499640116,0.0
8705,0.0,0.0,0.0,0.0,0.0,6.486760499640116,0.0
8706,0.0,0.0,0.0,0.0,0.0,6.486760499640116,0.0
8707,0.0,0.0,0.0,0.0,0.0,6.486760499640116,0.0
8708,0.0,0.0,0.0,0.0,0.0,6.486760499640116,0.0
8709,0.0,0.0,0.0,0.0,0.0,6.486760499640116,0.0
8710,0.0,0.0,0.0,0.0,0.0,6.486760499640116,0.0
8711,0.0,0.0,0.0,0.0,0.0,6.486760499640116,0.0
8712,0.0,0.0,0.0,0.0,0.0,6.486760499640116,0.0
8713,0.0,0.0,0.0,0.0,0.0,6.486760499640116,0.0
8714,0.0,0.0,0.0,0.0,0.0,6.486760499640116,0.0
8715,0.0,0.0,0.0,0.0,0.0,6.486760499640116,0.0
8716,0.0,0.0,0.0,0.0,0.0,6.486760499640116,0.0
8717,0.0,0.0,0.0,0.0,0.0,6.486760499640116,0.0
8718,0.0,0.0,0.0,0.0,0.0,6.486760499640116,0.0
8719,0.0,0.0,0.0,0.0,0.0,6.486760499640116,0.0
8720,0.0,0.0,0.0,0.0,0.0,6.486760499640116,0.0
8721,0.0,0.0,0.0,0.0,0.0,6.486760499640116,0.0
8722,0.0,0.0,0.0,0.0,0.0,6.486760499640116,0.0
8723,0.0,0.0,0.0,0.0,0.0,6.486760499640116,0.0
8724,0.0,0.0,0.0,0.0,0.0,6.486760499640116,0.0
8725,0.0,0.0,0.0,0.0,0.0,6.486760499640116,0.0
8726,0.0,0.0,0.0,0.0,0.0,6.486760499640116,0.0
8727,0.0,0.0,0.0,0.0,0.0,6.486760499640116,0.0
8728,0.0,0.0,0.0,0.0,0.0,6.486760499640116,0.0
8729,0.0,0.0,0.0,0.0,0.0,6.486760499640116,0.0
8730,0.0,0.0,0.0,0.0,0.0,6.486760499640116,0.0
8731,0.0,0.0,0.0,0.0,0.0,6.486760499640116,0.0
8732,0.0,0.0,0.0,0.0,0.0,6.486760499640116,0.0
8733,0.0,0.0,0.0,0.0,0.0,6.486760499640116,0.0
8734,0.0,0.0,0.0,0.0,0.0,6.486760499640116,0.0
8735,0.0,0.0,0.0,0.0,0.0,6.486760499640116,0.0
8736,0.0,0.0,0.0,0.0,0.0,6.486760499640116,0.0
8737,0.0,0.0,0.0,0.0,0.0,6.486760499640116,0.0
8738,0.0,0.0,0.0,0.0,0.0,6.486760499640116,0.0
8739,0.0,0.0,0.0,0.0,0.0,6.486760499640116,0.0
8740,0.0,0.0,0.0,0.0,0.0,6.486760499640116,0.0
8741,0.0,0.0,0.0,0.0,0.0,6.486760499640116,0.0
8742,0.0,0.0,0.0,0.0,0.0,6.486760499640116,0.0
8743,0.0,0.0,0.0,0.0,0.0,6.486760499640116,0.0
8744,0.0,0.0,0.0,0.0,0.0,6.486760499640116,0.0
8745,0.0,0.0,0.0,0.0,0.0,6.486760499640116,0.0
8746,0.0,0.0,0.0,0.0,0.0,6.486760499640116,0.0
8747,0.0,0.0,0.0,0.0,0.0,6.486760499640116,0.0
8748,0.0,0.006968158084149917,3.184191585008274e-5,0.006968158084149917,0.0,6.493380249820058,0.0
8749,0.0,0.006968158084149917,3.184191585008274e-5,0.006968158084149917,0.0,6.5,0.0
8750,0.0,0.0,0.0,0.0,0.0,6.5,0.0
8751,0.0,0.0,0.0,0.0,0.0,6.5,0.0
8752,0.0,0.0,0.0,0.0,0.0,6.5,0.0
8753,0.0,0.0,0.0,0.0,0.0,6.5,0.0
8754,0.0,0.0,0.0,0.0,0.0,6.5,0.0
8755,0.0,0.0,0.0,0.0,0.0,6.5,0.0
8756,0.0,0.0,0.0,0.0,0.0,6.5,0.0
8757,0.0,0.0,0.0,0.0,0.0,6.5,0.0
8758,0.0,0.0,0.0,0.0,0.0,6.5,0.0
8759,0.0,0.0,0.0,0.0,0.0,6.5,0.0
8760,0.0,0.0,0.0,0.0,0.0,6.5,0.0
